[0.36364]	[0.11765]	[0.17778]
[0.81818]	[0.75]	[0.78261]
[0.5]	[0.66667]	[0.57143]
[0.38095]	[0.72727]	[0.5]
[0.2381]	[0.5]	[0.32259]
[0.09524]	[0.2]	[0.12903]
[0.44]	[0.52381]	[0.47826]
[0.64]	[0.41026]	[0.5]
[0.08]	[0.22222]	[0.11765]
[0.44]	[0.55]	[0.48889]
[0.08]	[0.16667]	[0.10811]
[0.4]	[0.47619]	[0.43478]
[0.04]	[0.33333]	[0.07143]
[0.75]	[0.75]	[0.75]
[0.4]	[0.27027]	[0.32258]
[0.2]	[0.21739]	[0.20833]
[0.08]	[1.0]	[0.14815]
[0.0]	[0.0]	[0.0]
[0.48]	[0.52174]	[0.5]
[0.72]	[0.6]	[0.65455]
[0.04]	[0.0625]	[0.04878]
[0.32]	[0.61538]	[0.42105]
[0.28]	[0.38889]	[0.32558]
[0.2]	[0.83333]	[0.32258]
[0.5]	[0.33333]	[0.4]
[0.12]	[0.23077]	[0.15789]
[0.12]	[0.33333]	[0.17647]
[0.36]	[0.47368]	[0.40909]
[0.4]	[0.25641]	[0.3125]
[0.08]	[0.18182]	[0.11111]
[0.04]	[0.25]	[0.06897]
[0.0]	[0.0]	[0.0]
[0.04]	[0.5]	[0.07407]
[0.04]	[0.33333]	[0.07143]
[0.42857]	[0.3]	[0.35294]
[0.75]	[0.75]	[0.75]
[0.57143]	[0.44444]	[0.5]
[0.71429]	[0.83333]	[0.76923]
[0.71429]	[0.55556]	[0.625]
[0.71429]	[0.41667]	[0.52632]
[0.57143]	[0.44444]	[0.5]
[0.57143]	[0.44444]	[0.5]
[0.85714]	[0.66667]	[0.75]
[0.28571]	[0.15385]	[0.2]
[0.85714]	[0.66667]	[0.75]
[0.57143]	[0.57143]	[0.57143]
[1.0]	[1.0]	[1.0]
[0.42857]	[0.6]	[0.5]
[0.71429]	[0.5]	[0.58824]
[0.71429]	[0.41667]	[0.52632]
[0.85714]	[0.375]	[0.52174]
[0.57143]	[0.36364]	[0.44445]
[0.42857]	[0.5]	[0.46154]
[0.71429]	[0.41667]	[0.52632]
[0.85714]	[1.0]	[0.92308]
[0.71429]	[0.55556]	[0.625]
[0.71429]	[0.33333]	[0.45454]
[0.75]	[1.0]	[0.85714]
[0.71429]	[0.83333]	[0.76923]
[0.42857]	[0.375]	[0.4]
[0.57143]	[0.57143]	[0.57143]
[0.71429]	[0.45455]	[0.55556]
[0.85714]	[0.28571]	[0.42857]
[0.0]	[0.0]	[0.0]
[0.83333]	[1.0]	[0.90909]
[0.83333]	[1.0]	[0.90909]
[0.91667]	[0.81481]	[0.86274]
[0.0]	[0.0]	[0.0]
[0.75]	[1.0]	[0.85714]
[0.20833]	[0.35714]	[0.26315]
[0.0]	[0.0]	[0.0]
[0.83333]	[1.0]	[0.90909]
[0.0]	[0.0]	[0.0]
[0.83333]	[0.95238]	[0.88889]
[0.04167]	[0.08333]	[0.05556]
[0.04167]	[0.09091]	[0.05715]
[0.04167]	[0.11111]	[0.06061]
[0.54167]	[0.76471]	[0.63415]
[0.66667]	[0.66667]	[0.66667]
[0.5]	[0.14286]	[0.22223]
[0.04167]	[0.0625]	[0.05]
[0.0]	[0.0]	[0.0]
[0.79167]	[0.43182]	[0.55883]
[0.83333]	[1.0]	[0.90909]
[0.58333]	[0.82353]	[0.68292]
[0.125]	[0.15789]	[0.13953]
[0.75]	[0.5]	[0.6]
[0.58333]	[0.82353]	[0.68292]
[0.04167]	[0.06667]	[0.05129]
[0.125]	[0.13636]	[0.13043]
[0.5]	[1.0]	[0.66667]
[0.20833]	[0.16129]	[0.18182]
[0.58333]	[0.23333]	[0.33333]
[0.58333]	[0.46667]	[0.51852]
[0.33333]	[0.26667]	[0.2963]
[0.75]	[0.28125]	[0.40909]
[0.58333]	[0.77778]	[0.66667]
[0.08333]	[0.06667]	[0.07407]
[0.08333]	[0.2]	[0.11764]
[0.41667]	[0.25]	[0.3125]
[0.33333]	[0.26667]	[0.2963]
[0.25]	[1.0]	[0.4]
[0.41667]	[0.41667]	[0.41667]
[0.33333]	[0.44444]	[0.38095]
[0.16667]	[0.10526]	[0.12903]
[0.41667]	[0.2]	[0.27027]
[0.33333]	[0.13793]	[0.19512]
[0.16667]	[0.28571]	[0.21053]
[0.58333]	[0.875]	[0.7]
[0.08333]	[0.05263]	[0.06451]
[0.33333]	[0.57143]	[0.42105]
[0.33333]	[0.4]	[0.36363]
[0.72727]	[0.61538]	[0.66666]
[1.0]	[0.5]	[0.66667]
[0.41667]	[0.5]	[0.45455]
[0.5]	[0.18182]	[0.26667]
[0.25]	[0.21429]	[0.23077]
[0.5]	[0.54545]	[0.52174]
[0.58333]	[0.77778]	[0.66667]
[0.33333]	[0.33333]	[0.33333]
[0.25]	[0.07895]	[0.12]
[0.33333]	[0.11111]	[0.16667]
[0.11111]	[0.04762]	[0.06667]
[0.22222]	[0.08696]	[0.125]
[0.5]	[1.0]	[0.66667]
[0.44444]	[0.19048]	[0.26667]
[0.33333]	[0.13043]	[0.18749]
[0.22222]	[0.10526]	[0.14285]
[0.22222]	[0.15385]	[0.18182]
[0.33333]	[0.11111]	[0.16667]
[0.44444]	[0.09756]	[0.16]
[0.22222]	[0.07407]	[0.11111]
[0.33333]	[0.15789]	[0.21428]
[0.22222]	[0.04348]	[0.07273]
[0.22222]	[0.1]	[0.13793]
[0.5]	[0.33333]	[0.4]
[0.44444]	[0.13793]	[0.21052]
[0.33333]	[0.1875]	[0.24]
[0.11111]	[0.05556]	[0.07408]
[0.22222]	[0.0625]	[0.09756]
[0.11111]	[0.07692]	[0.09091]
[0.33333]	[0.16667]	[0.22222]
[0.33333]	[0.08108]	[0.13043]
[0.22222]	[0.05882]	[0.09302]
[0.44444]	[0.17391]	[0.25]
[0.22222]	[0.22222]	[0.22222]
[0.75]	[0.6]	[0.66667]
[0.22222]	[0.15385]	[0.18182]
[0.22222]	[0.11765]	[0.15385]
[0.44444]	[0.08889]	[0.14815]
[0.5]	[0.16667]	[0.25]
[0.375]	[0.1875]	[0.25]
[0.125]	[0.11111]	[0.11765]
[0.375]	[0.1875]	[0.25]
[0.625]	[0.25]	[0.35714]
[0.625]	[0.05747]	[0.10526]
[0.25]	[0.13333]	[0.17391]
[1.0]	[0.5]	[0.66667]
[0.25]	[0.16667]	[0.2]
[0.5]	[0.19048]	[0.27587]
[0.5]	[0.2]	[0.28571]
[0.25]	[0.09524]	[0.13793]
[0.25]	[0.25]	[0.25]
[0.625]	[0.22727]	[0.33333]
[0.75]	[0.24]	[0.36364]
[0.125]	[0.05882]	[0.08]
[0.125]	[0.1]	[0.11111]
[0.5]	[0.10811]	[0.17778]
[0.75]	[0.75]	[0.75]
[0.375]	[0.1875]	[0.25]
[0.375]	[0.27273]	[0.31579]
[0.375]	[0.14286]	[0.2069]
[0.25]	[0.125]	[0.16667]
[0.0]	[0.0]	[0.0]
[0.375]	[0.2]	[0.26087]
[0.25]	[0.16667]	[0.2]
[0.375]	[0.16667]	[0.23077]
[0.25]	[0.10526]	[0.14815]
[0.44444]	[0.34783]	[0.39024]
[0.75]	[0.75]	[0.75]
[0.44444]	[0.2963]	[0.35556]
[0.38889]	[0.35]	[0.36842]
[0.33333]	[0.19355]	[0.2449]
[0.55556]	[0.22727]	[0.32258]
[0.61111]	[0.37931]	[0.46808]
[0.16667]	[0.27273]	[0.2069]
[0.16667]	[0.33333]	[0.22222]
[0.44444]	[0.32]	[0.37209]
[0.33333]	[0.46154]	[0.3871]
[0.27778]	[0.17241]	[0.21276]
[0.44444]	[0.36364]	[0.4]
[0.0]	[0.0]	[0.0]
[0.11111]	[0.28571]	[0.16]
[0.5]	[0.17308]	[0.25715]
[0.38889]	[0.19444]	[0.25926]
[0.16667]	[0.33333]	[0.22222]
[0.11111]	[0.18182]	[0.13793]
[0.61111]	[0.45833]	[0.52381]
[0.22222]	[0.36364]	[0.27586]
[0.44444]	[0.2963]	[0.35556]
[0.16667]	[0.27273]	[0.2069]
[0.55556]	[0.15625]	[0.2439]
[0.11111]	[0.18182]	[0.13793]
[0.33333]	[0.3]	[0.31579]
[0.38889]	[0.29167]	[0.33334]
[0.5]	[0.34615]	[0.40909]
[0.66667]	[0.1519]	[0.24742]
[1.0]	[0.14286]	[0.25]
[1.0]	[0.10526]	[0.19047]
[0.5]	[0.03571]	[0.06666]
[0.5]	[0.25]	[0.33333]
[1.0]	[0.66667]	[0.8]
[0.88889]	[0.61538]	[0.72727]
[0.0]	[0.0]	[0.0]
[0.0]	[0.0]	[0.0]
[0.0]	[0.0]	[0.0]
[0.0]	[0.0]	[0.0]
[0.5]	[0.08333]	[0.14285]
[0.0]	[0.0]	[0.0]
[0.0]	[0.0]	[0.0]
[0.0]	[0.0]	[0.0]
[0.5]	[0.05882]	[0.10526]
[0.0]	[0.0]	[0.0]
[0.81818]	[0.69231]	[0.75]
[1.0]	[0.40909]	[0.58064]
[0.0]	[0.0]	[0.0]
[0.5]	[0.03571]	[0.06666]
[0.5]	[0.08333]	[0.14285]
[0.0]	[0.0]	[0.0]
[1.0]	[0.2]	[0.33333]
[0.5]	[0.09091]	[0.15385]
[0.5]	[0.5]	[0.5]
[0.5]	[0.06667]	[0.11765]
[0.5]	[0.14286]	[0.22223]
[0.0]	[0.0]	[0.0]
[0.88889]	[0.24242]	[0.38095]
[0.0]	[0.0]	[0.0]
[0.2]	[0.21429]	[0.2069]
[0.6]	[0.375]	[0.46154]
[0.66667]	[0.25641]	[0.37037]
[0.66667]	[0.76923]	[0.71429]
[0.86667]	[0.39394]	[0.54167]
[0.8]	[0.54545]	[0.64865]
[0.6]	[0.9]	[0.72]
[0.66667]	[0.55556]	[0.60606]
[0.6]	[0.31034]	[0.40909]
[0.55556]	[0.45455]	[0.5]
[0.86667]	[0.76471]	[0.8125]
[0.66667]	[0.52632]	[0.58824]
[0.73333]	[0.78571]	[0.75862]
[0.73333]	[0.52381]	[0.61111]
[0.53333]	[0.32]	[0.4]
[0.93333]	[0.4375]	[0.59574]
[0.73333]	[0.55]	[0.62857]
[0.66667]	[0.22222]	[0.33333]
[0.33333]	[0.55556]	[0.41667]
[1.0]	[1.0]	[1.0]
[0.55556]	[0.15152]	[0.2381]
[0.86667]	[0.48148]	[0.61905]
[0.4]	[0.28571]	[0.33333]
[0.73333]	[0.91667]	[0.81481]
[0.86667]	[0.59091]	[0.7027]
[0.73333]	[0.36667]	[0.48889]
[0.6]	[0.6]	[0.6]
[0.8]	[0.14458]	[0.2449]
[0.06667]	[0.33333]	[0.11112]
[0.23333]	[0.4375]	[0.30434]
[0.16667]	[0.26316]	[0.20408]
[0.88889]	[0.4]	[0.55172]
[0.16667]	[0.2]	[0.18182]
[0.23333]	[0.28]	[0.25454]
[0.13333]	[0.30769]	[0.18604]
[0.13333]	[0.57143]	[0.21621]
[0.13333]	[0.44444]	[0.20512]
[0.2]	[0.18182]	[0.19048]
[0.06667]	[0.25]	[0.10527]
[0.06667]	[0.28571]	[0.10811]
[0.23333]	[0.31818]	[0.26923]
[0.06667]	[0.22222]	[0.10257]
[0.55556]	[0.625]	[0.58824]
[0.1]	[0.13043]	[0.11321]
[0.06667]	[0.33333]	[0.11112]
[0.16667]	[0.33333]	[0.22222]
[0.13333]	[0.17391]	[0.15094]
[0.03333]	[0.1]	[0.05]
[0.1]	[0.13043]	[0.11321]
[0.16667]	[0.22727]	[0.19231]
[0.13333]	[0.21053]	[0.16326]
[0.23333]	[0.53846]	[0.32558]
[0.13333]	[0.44444]	[0.20512]
[0.44444]	[0.36364]	[0.4]
[0.13333]	[0.18182]	[0.15384]
[0.2]	[0.54545]	[0.29268]
[0.33333]	[0.28571]	[0.30769]
[0.0]	[0.0]	[0.0]
[0.375]	[0.08333]	[0.13636]
[0.375]	[0.10345]	[0.16216]
[0.0]	[0.0]	[0.0]
[0.375]	[0.42857]	[0.4]
[0.0]	[0.0]	[0.0]
[0.25]	[0.09091]	[0.13333]
[0.77778]	[0.36842]	[0.5]
[0.375]	[0.15789]	[0.22222]
[0.25]	[0.13333]	[0.17391]
[0.125]	[0.14286]	[0.13333]
[0.375]	[0.14286]	[0.2069]
[0.0]	[0.0]	[0.0]
[0.5]	[0.19048]	[0.27587]
[0.25]	[0.11111]	[0.15385]
[0.25]	[0.18182]	[0.21053]
[0.125]	[0.05]	[0.07143]
[0.25]	[0.14286]	[0.18182]
[0.77778]	[0.77778]	[0.77778]
[0.375]	[0.17647]	[0.24]
[0.125]	[0.05263]	[0.07407]
[0.125]	[0.04762]	[0.06897]
[0.25]	[0.13333]	[0.17391]
[0.5]	[0.16667]	[0.25]
[0.125]	[0.14286]	[0.13333]
[0.375]	[0.10345]	[0.16216]
[0.25]	[0.16667]	[0.2]
[0.0]	[0.0]	[0.0]
[0.53571]	[0.625]	[0.57692]
[0.55556]	[0.41667]	[0.47619]
[0.46429]	[0.43333]	[0.44828]
[0.14286]	[0.44444]	[0.21622]
[0.39286]	[0.34375]	[0.36667]
[0.35714]	[0.71429]	[0.47619]
[0.46429]	[0.39394]	[0.42623]
[0.17857]	[0.625]	[0.27778]
[0.32143]	[0.28125]	[0.3]
[0.5]	[0.5]	[0.5]
[0.17857]	[0.33333]	[0.23256]
[0.32143]	[0.52941]	[0.4]
[0.27273]	[0.1875]	[0.22222]
[0.55556]	[0.71429]	[0.625]
[0.32143]	[0.81818]	[0.46154]
[0.25]	[0.58333]	[0.35]
[0.32143]	[0.64286]	[0.42857]
[0.5]	[0.31818]	[0.38889]
[0.28571]	[0.44444]	[0.34782]
[0.46429]	[0.37143]	[0.4127]
[0.42857]	[0.42857]	[0.42857]
[0.21429]	[0.42857]	[0.28572]
[0.32143]	[0.6]	[0.41861]
[0.46429]	[0.43333]	[0.44828]
[0.55556]	[0.18519]	[0.27778]
[0.14286]	[0.44444]	[0.21622]
[0.32143]	[0.52941]	[0.4]
[0.35714]	[0.52632]	[0.42553]
[0.10714]	[0.33333]	[0.16216]
[0.17857]	[0.33333]	[0.23256]
[0.32143]	[0.28125]	[0.3]
[1.0]	[0.27273]	[0.42857]
[1.0]	[0.13636]	[0.23999]
[1.0]	[1.0]	[1.0]
[1.0]	[0.6]	[0.75]
[0.77778]	[0.18421]	[0.29787]
[1.0]	[1.0]	[1.0]
[0.66667]	[0.25]	[0.36364]
[0.33333]	[0.125]	[0.18182]
[1.0]	[0.6]	[0.75]
[1.0]	[1.0]	[1.0]
[1.0]	[1.0]	[1.0]
[1.0]	[1.0]	[1.0]
[0.66667]	[0.25]	[0.36364]
[1.0]	[1.0]	[1.0]
[1.0]	[1.0]	[1.0]
[0.55556]	[0.27778]	[0.37037]
[0.66667]	[0.11111]	[0.19047]
[1.0]	[1.0]	[1.0]
[1.0]	[0.17647]	[0.3]
[1.0]	[0.27273]	[0.42857]
[1.0]	[1.0]	[1.0]
[1.0]	[0.17647]	[0.3]
[1.0]	[0.25]	[0.4]
[1.0]	[1.0]	[1.0]
[0.33333]	[0.125]	[0.18182]
[1.0]	[1.0]	[1.0]
[0.44444]	[0.08163]	[0.13793]
[1.0]	[1.0]	[1.0]
[0.33333]	[0.05882]	[0.09999]
[1.0]	[0.10345]	[0.1875]
[0.56667]	[0.30357]	[0.39535]
[0.43333]	[0.28261]	[0.34211]
[0.06667]	[0.13333]	[0.08889]
[0.33333]	[0.4]	[0.36363]
[0.23333]	[0.41176]	[0.29787]
[0.4]	[0.3871]	[0.39344]
[0.16667]	[0.29412]	[0.21277]
[0.33333]	[0.42857]	[0.375]
[0.33333]	[0.33333]	[0.33333]
[0.36667]	[0.33333]	[0.34921]
[0.2]	[0.28571]	[0.23529]
[0.26667]	[0.33333]	[0.2963]
[0.26667]	[0.66667]	[0.38096]
[0.23333]	[0.4375]	[0.30434]
[0.13333]	[0.22222]	[0.16666]
[0.3]	[0.23684]	[0.2647]
[0.3]	[0.225]	[0.25714]
[0.46667]	[0.45161]	[0.45902]
[0.33333]	[0.2]	[0.25]
[0.33333]	[0.32258]	[0.32787]
[0.13333]	[0.23529]	[0.17021]
[0.2]	[0.35294]	[0.25532]
[0.56667]	[0.39535]	[0.46576]
[0.13333]	[0.30769]	[0.18604]
[0.23333]	[0.41176]	[0.29787]
[0.36667]	[0.44]	[0.4]
[0.26667]	[0.36364]	[0.3077]
[0.3]	[0.27273]	[0.28572]
[0.56667]	[0.25758]	[0.35417]
[0.77778]	[0.58333]	[0.66667]
[0.3871]	[0.5]	[0.43637]
[0.54839]	[0.3617]	[0.4359]
[0.64516]	[0.15385]	[0.24845]
[0.3871]	[0.54545]	[0.45283]
[0.51613]	[0.47059]	[0.49231]
[0.54839]	[0.425]	[0.47887]
[0.09677]	[0.17647]	[0.125]
[0.51613]	[0.69565]	[0.59259]
[0.41935]	[0.61905]	[0.5]
[0.19355]	[0.27273]	[0.22642]
[0.77778]	[0.77778]	[0.77778]
[0.29032]	[0.52941]	[0.375]
[0.35484]	[0.64706]	[0.45833]
[0.22581]	[0.53846]	[0.31819]
[0.16129]	[0.38462]	[0.22727]
[0.29032]	[0.47368]	[0.36]
[0.6129]	[0.48718]	[0.54286]
[0.54839]	[0.41463]	[0.47222]
[0.51613]	[0.42105]	[0.46377]
[0.29032]	[0.45]	[0.35294]
[0.25806]	[0.5]	[0.34042]
[0.22222]	[0.22222]	[0.22222]
[0.35484]	[0.31429]	[0.33334]
[0.0]	[0.0]	[0.0]
[0.09677]	[0.5]	[0.16216]
[0.35484]	[0.44]	[0.39286]
[0.32258]	[0.4]	[0.35714]
[0.45161]	[0.51852]	[0.48276]
[0.25806]	[0.17021]	[0.20512]
[0.33333]	[0.08333]	[0.13333]
[0.33333]	[0.13043]	[0.18749]
[0.22222]	[0.04762]	[0.07843]
[0.36364]	[0.44444]	[0.4]
[0.77778]	[0.77778]	[0.77778]
[0.44444]	[0.25]	[0.32]
[0.33333]	[0.21429]	[0.26087]
[0.33333]	[0.12]	[0.17647]
[0.22222]	[0.2]	[0.21053]
[0.44444]	[0.22222]	[0.29629]
[0.11111]	[0.07143]	[0.08696]
[0.11111]	[0.06667]	[0.08334]
[0.22222]	[0.25]	[0.23529]
[0.22222]	[0.18182]	[0.2]
[0.22222]	[0.11765]	[0.15385]
[0.77778]	[0.63636]	[0.7]
[0.33333]	[0.2]	[0.25]
[0.33333]	[0.17647]	[0.23077]
[0.22222]	[0.16667]	[0.19048]
[0.22222]	[0.15385]	[0.18182]
[0.44444]	[0.2]	[0.27586]
[0.33333]	[0.125]	[0.18182]
[0.33333]	[0.13043]	[0.18749]
[0.11111]	[0.04545]	[0.06451]
[0.22222]	[0.09091]	[0.12903]
[0.22222]	[0.07407]	[0.11111]
[0.88889]	[0.38095]	[0.53333]
[0.22222]	[0.13333]	[0.16666]
[0.22222]	[0.07692]	[0.11428]
[0.33333]	[0.125]	[0.18182]
[0.33333]	[0.17647]	[0.23077]
[0.46667]	[0.41176]	[0.4375]
[0.46667]	[0.7]	[0.56]
[0.33333]	[0.29412]	[0.3125]
[0.2]	[0.33333]	[0.25]
[0.06667]	[0.33333]	[0.11112]
[0.2]	[0.2]	[0.2]
[0.88889]	[0.4]	[0.55172]
[0.26667]	[0.8]	[0.4]
[0.26667]	[0.4]	[0.32]
[0.66667]	[0.58824]	[0.625]
[0.2]	[0.25]	[0.22222]
[0.06667]	[0.33333]	[0.11112]
[0.2]	[0.2]	[0.2]
[0.33333]	[0.2]	[0.25]
[0.13333]	[0.2]	[0.16]
[0.26667]	[0.03774]	[0.06612]
[0.33333]	[0.625]	[0.43478]
[0.66667]	[0.54545]	[0.6]
[0.33333]	[0.38462]	[0.35714]
[0.46667]	[0.5]	[0.48276]
[0.6]	[0.34615]	[0.43902]
[0.33333]	[0.45455]	[0.38461]
[0.33333]	[0.55556]	[0.41667]
[0.4]	[0.54545]	[0.46154]
[0.2]	[0.07692]	[0.11111]
[0.53333]	[0.32]	[0.4]
[0.26667]	[0.28571]	[0.27586]
[0.33333]	[0.41667]	[0.37037]
[0.88889]	[0.20513]	[0.33334]
[0.73333]	[0.07006]	[0.1279]
[0.4]	[0.26316]	[0.31746]
[0.4]	[0.3125]	[0.35088]
[0.36]	[0.34615]	[0.35294]
[0.68]	[0.23944]	[0.35417]
[0.44]	[0.21154]	[0.28572]
[0.48]	[0.19672]	[0.27907]
[0.36]	[0.36]	[0.36]
[0.64]	[0.32653]	[0.43243]
[0.28]	[0.7]	[0.4]
[0.34783]	[0.26667]	[0.30189]
[0.2]	[0.45455]	[0.27778]
[0.12]	[1.0]	[0.21429]
[0.64]	[0.8]	[0.71111]
[0.72]	[0.58065]	[0.64286]
[0.16]	[0.2]	[0.17778]
[0.84]	[0.23077]	[0.36207]
[0.24]	[0.375]	[0.29268]
[0.16]	[0.4]	[0.22857]
[0.32]	[0.57143]	[0.41026]
[0.12]	[0.33333]	[0.17647]
[0.17391]	[0.5]	[0.25806]
[0.16]	[0.30769]	[0.21053]
[0.48]	[0.66667]	[0.55814]
[0.04]	[0.5]	[0.07407]
[0.24]	[0.85714]	[0.375]
[0.28]	[0.35]	[0.31111]
[0.4]	[0.35714]	[0.37736]
[0.12]	[0.12]	[0.12]
[0.0]	[0.0]	[0.0]
[0.32143]	[0.45]	[0.375]
[0.21429]	[0.2069]	[0.21053]
[0.65217]	[0.42857]	[0.51724]
[0.32143]	[0.3913]	[0.35294]
[0.46429]	[0.38235]	[0.41935]
[0.25]	[0.24138]	[0.24561]
[0.39286]	[0.39286]	[0.39286]
[0.35714]	[0.625]	[0.45454]
[0.25]	[0.46667]	[0.32558]
[0.39286]	[0.35484]	[0.37288]
[0.42857]	[0.23529]	[0.30379]
[0.17857]	[0.55556]	[0.27027]
[0.10714]	[0.42857]	[0.17142]
[0.3913]	[0.5]	[0.43902]
[0.25]	[0.7]	[0.36842]
[0.25]	[0.25926]	[0.25455]
[0.39286]	[0.73333]	[0.51163]
[0.25]	[0.46667]	[0.32558]
[0.42857]	[0.52174]	[0.47059]
[0.5]	[0.35897]	[0.41791]
[0.25]	[0.46667]	[0.32558]
[0.32143]	[0.6]	[0.41861]
[0.46429]	[0.61905]	[0.53062]
[0.17857]	[0.45455]	[0.25641]
[0.09091]	[0.05263]	[0.06667]
[0.30435]	[0.41176]	[0.35]
[0.39286]	[0.64706]	[0.48889]
[0.25]	[0.46667]	[0.32558]
[0.25]	[0.46667]	[0.32558]
[0.21429]	[0.35294]	[0.26667]
[0.25]	[0.14]	[0.17949]
[1.0]	[0.2]	[0.33333]
[1.0]	[0.13043]	[0.23076]
[1.0]	[0.10714]	[0.19354]
[1.0]	[0.375]	[0.54545]
[1.0]	[1.0]	[1.0]
[0.26087]	[0.3]	[0.27907]
[1.0]	[1.0]	[1.0]
[0.33333]	[0.16667]	[0.22222]
[0.0]	[0.0]	[0.0]
[1.0]	[0.27273]	[0.42857]
[1.0]	[1.0]	[1.0]
[1.0]	[1.0]	[1.0]
[1.0]	[1.0]	[1.0]
[1.0]	[1.0]	[1.0]
[1.0]	[1.0]	[1.0]
[0.0]	[0.0]	[0.0]
[0.56522]	[0.30233]	[0.39394]
[1.0]	[1.0]	[1.0]
[1.0]	[1.0]	[1.0]
[1.0]	[0.42857]	[0.6]
[0.66667]	[1.0]	[0.8]
[0.33333]	[0.05882]	[0.09999]
[1.0]	[0.27273]	[0.42857]
[1.0]	[1.0]	[1.0]
[1.0]	[1.0]	[1.0]
[1.0]	[1.0]	[1.0]
[1.0]	[1.0]	[1.0]
[0.3913]	[0.6]	[0.47368]
[0.0]	[0.0]	[0.0]
[0.33333]	[0.33333]	[0.33333]
[0.6]	[0.3913]	[0.47368]
[0.23333]	[0.33333]	[0.27451]
[0.43333]	[0.54167]	[0.48148]
[0.16667]	[0.22727]	[0.19231]
[0.43333]	[0.61905]	[0.5098]
[0.36667]	[0.18644]	[0.24719]
[0.43333]	[0.30952]	[0.36111]
[0.2]	[0.28571]	[0.23529]
[0.13043]	[0.5]	[0.20689]
[0.33333]	[0.28571]	[0.30769]
[0.16667]	[0.38462]	[0.23256]
[0.4]	[0.32432]	[0.35821]
[0.46667]	[0.48276]	[0.47458]
[0.16667]	[0.25]	[0.2]
[0.3]	[0.34615]	[0.32143]
[0.4]	[0.375]	[0.3871]
[0.33333]	[0.5]	[0.4]
[0.23333]	[0.19444]	[0.21212]
[0.4]	[0.27273]	[0.32433]
[0.17391]	[0.30769]	[0.22222]
[0.3]	[0.52941]	[0.38298]
[0.3]	[0.42857]	[0.35294]
[0.63333]	[0.44186]	[0.52055]
[0.33333]	[0.38462]	[0.35714]
[0.06667]	[0.2]	[0.1]
[0.36667]	[0.275]	[0.31429]
[0.13333]	[0.36364]	[0.19512]
[0.46667]	[0.4375]	[0.45161]
[0.06667]	[0.25]	[0.10527]
[0.18868]	[0.38462]	[0.25317]
[0.3913]	[0.375]	[0.38298]
[0.41509]	[0.15385]	[0.22449]
[0.45283]	[0.4]	[0.42478]
[0.07547]	[0.36364]	[0.125]
[0.22642]	[0.41379]	[0.29269]
[0.28302]	[0.88235]	[0.42857]
[0.26415]	[0.58333]	[0.36363]
[0.32075]	[0.32075]	[0.32075]
[0.16981]	[0.40909]	[0.24]
[0.11321]	[0.54545]	[0.1875]
[0.22642]	[0.54545]	[0.32]
[0.08696]	[0.66667]	[0.15385]
[0.33962]	[0.78261]	[0.47368]
[0.13208]	[0.53846]	[0.21213]
[0.15094]	[0.27586]	[0.19512]
[0.39623]	[0.31343]	[0.35]
[0.20755]	[0.42308]	[0.27848]
[0.22642]	[0.36364]	[0.27907]
[0.22642]	[0.28571]	[0.25263]
[0.15094]	[0.5]	[0.23188]
[0.13208]	[0.36842]	[0.19445]
[0.28302]	[0.44118]	[0.34483]
[0.04348]	[0.33333]	[0.07693]
[0.18868]	[0.45455]	[0.26667]
[0.15094]	[0.5]	[0.23188]
[0.24528]	[0.61905]	[0.35135]
[0.11321]	[0.31579]	[0.16667]
[0.28302]	[0.48387]	[0.35714]
[0.03774]	[0.13333]	[0.05883]
[0.33333]	[0.125]	[0.18182]
[0.33333]	[0.16667]	[0.22222]
[0.55556]	[0.5]	[0.52632]
[0.11111]	[0.04]	[0.05882]
[0.65217]	[0.40541]	[0.5]
[0.11111]	[0.07143]	[0.08696]
[0.33333]	[0.16667]	[0.22222]
[0.33333]	[0.1]	[0.15385]
[0.33333]	[0.10714]	[0.16216]
[0.44444]	[0.26667]	[0.33333]
[0.22222]	[0.10526]	[0.14285]
[0.22222]	[0.28571]	[0.25]
[0.22222]	[0.04]	[0.0678]
[0.22222]	[0.06897]	[0.10527]
[0.11111]	[0.09091]	[0.1]
[0.54545]	[0.14634]	[0.23077]
[0.17391]	[0.30769]	[0.22222]
[0.22222]	[0.1]	[0.13793]
[0.33333]	[0.375]	[0.35294]
[0.33333]	[0.3]	[0.31579]
[0.22222]	[0.08]	[0.11765]
[0.22222]	[0.2]	[0.21053]
[0.22222]	[0.18182]	[0.2]
[0.55556]	[0.38462]	[0.45455]
[0.33333]	[0.10714]	[0.16216]
[0.22222]	[0.11765]	[0.15385]
[0.22222]	[0.28571]	[0.25]
[0.52174]	[0.41379]	[0.46154]
[0.33333]	[0.13636]	[0.19354]
[0.11111]	[0.125]	[0.11765]
[0.33333]	[0.125]	[0.18182]
[1.0]	[1.0]	[1.0]
[1.0]	[0.1]	[0.18182]
[1.0]	[0.08333]	[0.15384]
[1.0]	[0.03448]	[0.06666]
[0.0]	[0.0]	[0.0]
[1.0]	[0.33333]	[0.5]
[1.0]	[1.0]	[1.0]
[0.13043]	[0.27273]	[0.17647]
[1.0]	[0.05]	[0.09524]
[1.0]	[0.06667]	[0.12501]
[1.0]	[0.5]	[0.66667]
[1.0]	[1.0]	[1.0]
[1.0]	[1.0]	[1.0]
[1.0]	[1.0]	[1.0]
[1.0]	[1.0]	[1.0]
[1.0]	[0.05882]	[0.1111]
[1.0]	[1.0]	[1.0]
[1.0]	[1.0]	[1.0]
[0.26087]	[0.15]	[0.19048]
[1.0]	[0.14286]	[0.25]
[1.0]	[1.0]	[1.0]
[0.0]	[0.0]	[0.0]
[1.0]	[0.06667]	[0.12501]
[0.0]	[0.0]	[0.0]
[1.0]	[1.0]	[1.0]
[1.0]	[1.0]	[1.0]
[1.0]	[1.0]	[1.0]
[1.0]	[1.0]	[1.0]
[1.0]	[1.0]	[1.0]
[0.13043]	[0.375]	[0.19354]
[0.0]	[0.0]	[0.0]
[1.0]	[0.11111]	[0.2]
[1.0]	[0.05882]	[0.1111]
[1.0]	[0.11111]	[0.2]
[1.0]	[0.33333]	[0.5]
[1.0]	[0.08333]	[0.15384]
[1.0]	[0.07143]	[0.13334]
[1.0]	[1.0]	[1.0]
[1.0]	[0.03704]	[0.07143]
[1.0]	[0.5]	[0.66667]
[0.26087]	[0.33333]	[0.29268]
[1.0]	[1.0]	[1.0]
[1.0]	[0.5]	[0.66667]
[1.0]	[0.07692]	[0.14285]
[1.0]	[1.0]	[1.0]
[1.0]	[0.025]	[0.04878]
[1.0]	[1.0]	[1.0]
[1.0]	[0.5]	[0.66667]
[1.0]	[0.03846]	[0.07407]
[1.0]	[0.07143]	[0.13334]
[1.0]	[0.08333]	[0.15384]
[0.04348]	[0.25]	[0.07408]
[1.0]	[0.05556]	[0.10527]
[1.0]	[1.0]	[1.0]
[1.0]	[0.5]	[0.66667]
[1.0]	[1.0]	[1.0]
[1.0]	[0.03571]	[0.06896]
[1.0]	[0.0625]	[0.11765]
[1.0]	[1.0]	[1.0]
[0.43333]	[0.5]	[0.46428]
[0.83333]	[0.69444]	[0.75757]
[0.5]	[0.68182]	[0.57692]
[0.17391]	[0.44444]	[0.25]
[0.03333]	[0.16667]	[0.05555]
[0.53333]	[0.31373]	[0.39506]
[0.3]	[0.6]	[0.4]
[0.26667]	[0.47059]	[0.34043]
[0.36667]	[0.6875]	[0.47826]
[0.5]	[0.68182]	[0.57692]
[0.33333]	[0.52632]	[0.40816]
[0.23333]	[0.41176]	[0.29787]
[0.1]	[0.3]	[0.15]
[0.36667]	[0.2973]	[0.32836]
[0.21739]	[0.625]	[0.32258]
[0.5]	[0.32609]	[0.39474]
[0.4]	[0.41379]	[0.40678]
[0.76667]	[0.51111]	[0.61333]
[0.23333]	[0.5]	[0.31818]
[0.16667]	[0.22727]	[0.19231]
[0.53333]	[0.43243]	[0.47761]
[0.4]	[0.32432]	[0.35821]
[0.03333]	[0.16667]	[0.05555]
[0.56667]	[0.58621]	[0.57627]
[0.46667]	[0.5]	[0.48276]
[0.34783]	[0.53333]	[0.42105]
[0.23333]	[0.36842]	[0.28571]
[0.28571]	[0.22222]	[0.25]
[0.5]	[0.18919]	[0.27451]
[0.78571]	[0.55]	[0.64706]
[0.78571]	[0.64706]	[0.70968]
[0.64286]	[0.36]	[0.46154]
[0.64286]	[0.6]	[0.62069]
[0.42857]	[0.54545]	[0.48]
[0.57143]	[0.4]	[0.47059]
[0.28571]	[0.57143]	[0.38095]
[0.81818]	[0.75]	[0.78261]
[0.34783]	[0.53333]	[0.42105]
[0.42857]	[0.75]	[0.54545]
[0.5]	[0.77778]	[0.6087]
[0.21429]	[0.33333]	[0.26087]
[0.35714]	[0.11111]	[0.16949]
[0.21429]	[0.10714]	[0.14286]
[0.71429]	[0.71429]	[0.71429]
[0.71429]	[0.5]	[0.58824]
[0.42857]	[0.375]	[0.4]
[0.21429]	[0.33333]	[0.26087]
[0.35714]	[0.26316]	[0.30303]
[0.43478]	[0.33333]	[0.37736]
[0.21429]	[0.375]	[0.27273]
[0.71429]	[0.71429]	[0.71429]
[0.21429]	[0.42857]	[0.28572]
[0.21429]	[0.21429]	[0.21429]
[0.28571]	[0.16667]	[0.21053]
[1.0]	[0.35294]	[0.52174]
[0.66667]	[0.5]	[0.57143]
[0.66667]	[0.8]	[0.72727]
[0.66667]	[0.66667]	[0.66667]
[0.66667]	[0.28571]	[0.4]
[0.26087]	[0.4]	[0.31579]
[0.66667]	[0.8]	[0.72727]
[0.33333]	[0.25]	[0.28571]
[0.5]	[0.25]	[0.33333]
[0.16667]	[0.2]	[0.18182]
[0.16667]	[0.2]	[0.18182]
[0.66667]	[0.5]	[0.57143]
[0.16667]	[0.16667]	[0.16667]
[0.5]	[0.25]	[0.33333]
[0.66667]	[0.8]	[0.72727]
[0.66667]	[0.8]	[0.72727]
[0.13043]	[0.17647]	[0.15]
[0.66667]	[0.5]	[0.57143]
[0.33333]	[0.125]	[0.18182]
[0.5]	[0.1875]	[0.27273]
[0.66667]	[0.5]	[0.57143]
[0.83333]	[0.55556]	[0.66667]
[0.66667]	[0.8]	[0.72727]
[1.0]	[0.6]	[0.75]
[0.66667]	[0.5]	[0.57143]
[0.33333]	[0.09091]	[0.14286]
[0.61538]	[0.24242]	[0.34782]
[0.73913]	[0.27869]	[0.40476]
[0.61538]	[0.17778]	[0.27586]
[0.53846]	[0.175]	[0.26415]
[0.53846]	[0.175]	[0.26415]
[0.46154]	[0.5]	[0.48]
[0.30769]	[0.4]	[0.34782]
[0.30769]	[0.25]	[0.27586]
[0.69231]	[0.3913]	[0.5]
[0.53846]	[0.41176]	[0.46666]
[0.15385]	[0.22222]	[0.18182]
[0.53846]	[0.33333]	[0.41176]
[0.41667]	[0.13889]	[0.20833]
[0.30769]	[0.36364]	[0.33333]
[0.38462]	[0.2381]	[0.29412]
[0.30769]	[0.36364]	[0.33333]
[0.38462]	[0.14706]	[0.21277]
[0.61538]	[0.18182]	[0.2807]
[0.53846]	[0.63636]	[0.58333]
[0.23077]	[0.27273]	[0.25]
[0.46154]	[0.54545]	[0.5]
[0.30769]	[0.44444]	[0.36363]
[0.38462]	[0.45455]	[0.41667]
[0.75]	[0.16981]	[0.27692]
[0.38462]	[0.27778]	[0.32258]
[0.53846]	[0.36842]	[0.4375]
[0.46154]	[0.3]	[0.36364]
[0.5]	[0.37838]	[0.43077]
[0.5]	[0.36842]	[0.42424]
[0.5]	[0.38889]	[0.4375]
[0.5]	[0.35897]	[0.41791]
[0.46429]	[0.23636]	[0.31325]
[0.5]	[0.4375]	[0.46667]
[0.57143]	[0.47059]	[0.51613]
[0.58333]	[0.20588]	[0.30434]
[0.17857]	[0.22727]	[0.2]
[0.53571]	[0.28302]	[0.37037]
[0.17857]	[0.45455]	[0.25641]
[0.67857]	[0.31148]	[0.42697]
[0.32143]	[0.64286]	[0.42857]
[0.32143]	[0.375]	[0.34615]
[0.57143]	[0.53333]	[0.55172]
[0.46429]	[0.40625]	[0.43334]
[0.35714]	[0.33333]	[0.34482]
[0.53571]	[0.2381]	[0.32967]
[0.75]	[0.12857]	[0.21951]
[0.5]	[0.29787]	[0.37333]
[0.42857]	[0.35294]	[0.3871]
[0.5]	[0.5]	[0.5]
[0.46429]	[0.44828]	[0.45614]
[0.42857]	[0.52174]	[0.47059]
[0.57143]	[0.42105]	[0.48485]
[0.10714]	[0.13636]	[0.12]
[0.63636]	[0.21212]	[0.31818]
[0.27273]	[0.14286]	[0.1875]
[0.27273]	[0.15789]	[0.2]
[0.75]	[0.21429]	[0.33334]
[0.0]	[0.0]	[0.0]
[0.27273]	[0.33333]	[0.3]
[0.63636]	[0.20588]	[0.31111]
[0.36364]	[0.4]	[0.38095]
[0.63636]	[0.17073]	[0.26923]
[0.81818]	[0.81818]	[0.81818]
[0.0]	[0.0]	[0.0]
[0.54545]	[0.42857]	[0.48]
[0.18182]	[0.28571]	[0.22222]
[0.09091]	[0.1]	[0.09524]
[0.36364]	[0.22222]	[0.27586]
[0.58333]	[0.21875]	[0.31818]
[0.54545]	[0.28571]	[0.375]
[0.18182]	[0.4]	[0.25]
[0.18182]	[0.1]	[0.12903]
[0.90909]	[0.5]	[0.64516]
[0.72727]	[0.47059]	[0.57143]
[0.54545]	[0.12]	[0.19672]
[0.18182]	[0.66667]	[0.28572]
[0.81818]	[0.45]	[0.58064]
[0.72727]	[0.13559]	[0.22857]
[0.63636]	[0.29167]	[0.4]
[0.58333]	[0.17073]	[0.26415]
[0.45455]	[0.13889]	[0.21277]
[0.6]	[0.45]	[0.51429]
[0.33333]	[0.27778]	[0.30303]
[0.13333]	[0.16667]	[0.14815]
[0.33333]	[0.5]	[0.4]
[0.06667]	[0.5]	[0.11765]
[0.06667]	[0.33333]	[0.11112]
[0.26667]	[0.33333]	[0.2963]
[0.2]	[0.5]	[0.28571]
[0.0]	[0.0]	[0.0]
[0.5]	[0.28571]	[0.36363]
[0.06667]	[0.5]	[0.11765]
[0.0]	[0.0]	[0.0]
[0.0]	[0.0]	[0.0]
[0.0]	[0.0]	[0.0]
[0.4]	[0.31579]	[0.35294]
[0.0]	[0.0]	[0.0]
[0.2]	[0.2]	[0.2]
[0.26667]	[0.44444]	[0.33333]
[0.4]	[0.26087]	[0.31579]
[0.46667]	[0.25926]	[0.33333]
[0.66667]	[0.23529]	[0.34782]
[0.06667]	[0.33333]	[0.11112]
[0.06667]	[0.33333]	[0.11112]
[0.33333]	[0.45455]	[0.38461]
[0.33333]	[0.41667]	[0.37037]
[0.0]	[0.0]	[0.0]
[0.2]	[0.04167]	[0.06897]
[0.4]	[0.28571]	[0.33333]
[0.8]	[0.14286]	[0.24243]
[0.8]	[0.22222]	[0.34782]
[1.0]	[1.0]	[1.0]
[0.75]	[0.17308]	[0.28125]
[0.4]	[0.15385]	[0.22223]
[0.8]	[0.57143]	[0.66667]
[0.2]	[0.2]	[0.2]
[0.0]	[0.0]	[0.0]
[0.8]	[0.28571]	[0.42105]
[0.6]	[0.15789]	[0.24999]
[0.4]	[0.4]	[0.4]
[0.4]	[0.16667]	[0.2353]
[0.2]	[0.14286]	[0.16667]
[0.4]	[0.10526]	[0.16666]
[0.75]	[0.225]	[0.34615]
[0.2]	[0.05556]	[0.08696]
[0.8]	[0.66667]	[0.72727]
[0.4]	[0.25]	[0.30769]
[0.8]	[1.0]	[0.88889]
[0.8]	[0.8]	[0.8]
[1.0]	[1.0]	[1.0]
[0.4]	[0.5]	[0.44444]
[0.4]	[0.25]	[0.30769]
[0.4]	[0.06667]	[0.11429]
[0.2]	[0.07143]	[0.10526]
[0.58333]	[0.7]	[0.63636]
[0.4]	[0.22222]	[0.28571]
[0.8]	[0.66667]	[0.72727]
[0.2]	[0.08333]	[0.11764]
[0.2]	[0.2]	[0.2]
[1.0]	[0.75]	[0.85714]
[0.66667]	[0.66667]	[0.66667]
[1.0]	[0.42857]	[0.6]
[0.0]	[0.0]	[0.0]
[0.66667]	[0.66667]	[0.66667]
[0.33333]	[0.04545]	[0.07999]
[0.58333]	[0.25926]	[0.35897]
[1.0]	[1.0]	[1.0]
[1.0]	[0.75]	[0.85714]
[0.0]	[0.0]	[0.0]
[0.66667]	[0.66667]	[0.66667]
[1.0]	[0.1875]	[0.31579]
[1.0]	[1.0]	[1.0]
[0.0]	[0.0]	[0.0]
[0.66667]	[0.4]	[0.5]
[1.0]	[0.25]	[0.4]
[0.0]	[0.0]	[0.0]
[0.5]	[0.4]	[0.44444]
[0.66667]	[1.0]	[0.8]
[1.0]	[0.75]	[0.85714]
[0.66667]	[1.0]	[0.8]
[0.66667]	[0.08333]	[0.14814]
[0.66667]	[0.66667]	[0.66667]
[1.0]	[1.0]	[1.0]
[0.66667]	[0.66667]	[0.66667]
[1.0]	[0.10714]	[0.19354]
[0.0]	[0.0]	[0.0]
[0.66667]	[0.66667]	[0.66667]
[0.25]	[0.21429]	[0.23077]
[1.0]	[1.0]	[1.0]
[1.0]	[1.0]	[1.0]
[0.33333]	[0.04348]	[0.07693]
[0.0]	[0.0]	[0.0]
[0.33333]	[0.03125]	[0.05714]
[0.0]	[0.0]	[0.0]
[0.33333]	[0.0625]	[0.10526]
[0.33333]	[0.07143]	[0.11765]
[0.0]	[0.0]	[0.0]
[0.33333]	[0.03226]	[0.05883]
[0.27273]	[0.21429]	[0.24]
[0.83333]	[0.34483]	[0.48781]
[0.0]	[0.0]	[0.0]
[0.66667]	[0.25]	[0.36364]
[0.66667]	[0.18182]	[0.28572]
[0.0]	[0.0]	[0.0]
[0.0]	[0.0]	[0.0]
[0.0]	[0.0]	[0.0]
[0.33333]	[0.05263]	[0.09091]
[0.0]	[0.0]	[0.0]
[0.66667]	[0.03636]	[0.06896]
[0.33333]	[0.03704]	[0.06667]
[0.83333]	[0.28571]	[0.42553]
[0.33333]	[0.16667]	[0.22222]
[0.0]	[0.0]	[0.0]
[0.66667]	[0.09524]	[0.16667]
[0.33333]	[0.125]	[0.18182]
[0.0]	[0.0]	[0.0]
[0.0]	[0.0]	[0.0]
[0.0]	[0.0]	[0.0]
[0.66667]	[1.0]	[0.8]
[0.33333]	[0.2]	[0.25]
[0.66667]	[0.07407]	[0.13333]
[0.5]	[0.3]	[0.375]
[0.33333]	[0.07692]	[0.125]
[0.0]	[0.0]	[0.0]
[0.53846]	[0.4375]	[0.48276]
[0.46154]	[0.21429]	[0.29269]
[0.69231]	[0.45]	[0.54546]
[0.15385]	[0.25]	[0.19048]
[0.76923]	[0.52632]	[0.625]
[0.30769]	[0.8]	[0.44444]
[0.46154]	[0.75]	[0.57143]
[0.23077]	[0.42857]	[0.3]
[0.5]	[0.27273]	[0.35294]
[0.53846]	[0.53846]	[0.53846]
[0.46154]	[0.75]	[0.57143]
[0.53846]	[0.5]	[0.51852]
[0.30769]	[0.28571]	[0.29629]
[0.38462]	[0.45455]	[0.41667]
[0.30769]	[0.28571]	[0.29629]
[0.38462]	[0.41667]	[0.4]
[0.84615]	[0.39286]	[0.53659]
[0.46154]	[0.6]	[0.52174]
[0.61538]	[0.4]	[0.48485]
[0.41667]	[0.25]	[0.3125]
[0.61538]	[0.61538]	[0.61538]
[0.46154]	[0.28571]	[0.35294]
[0.53846]	[0.5]	[0.51852]
[0.61538]	[0.57143]	[0.59259]
[0.53846]	[0.58333]	[0.56]
[0.53846]	[0.25]	[0.34146]
[0.30769]	[0.5]	[0.38095]
[0.23077]	[0.75]	[0.35294]
[0.69231]	[0.81818]	[0.75]
[0.84615]	[0.52381]	[0.64706]
[0.41667]	[0.625]	[0.5]
[0.76923]	[0.52632]	[0.625]
[0.8]	[0.09524]	[0.17022]
[1.0]	[0.33333]	[0.5]
[0.0]	[0.0]	[0.0]
[0.8]	[0.28571]	[0.42105]
[1.0]	[0.29412]	[0.45455]
[1.0]	[0.45455]	[0.625]
[1.0]	[0.17857]	[0.30303]
[1.0]	[0.45455]	[0.625]
[1.0]	[0.38462]	[0.55556]
[0.58333]	[0.18421]	[0.28]
[1.0]	[0.5]	[0.66667]
[1.0]	[0.19231]	[0.32258]
[1.0]	[0.45455]	[0.625]
[1.0]	[0.25]	[0.4]
[1.0]	[0.15625]	[0.27027]
[0.8]	[0.17391]	[0.28571]
[1.0]	[0.07576]	[0.14085]
[1.0]	[0.3125]	[0.47619]
[1.0]	[0.45455]	[0.625]
[0.8]	[0.17391]	[0.28571]
[0.83333]	[0.35714]	[0.5]
[1.0]	[0.33333]	[0.5]
[1.0]	[0.29412]	[0.45455]
[1.0]	[0.16129]	[0.27778]
[1.0]	[0.55556]	[0.71429]
[0.8]	[0.09302]	[0.16666]
[0.2]	[0.08333]	[0.11764]
[0.8]	[0.15385]	[0.25807]
[1.0]	[0.21739]	[0.35714]
[1.0]	[0.25]	[0.4]
[1.0]	[0.26316]	[0.41667]
[0.33333]	[0.14286]	[0.2]
[0.5]	[0.125]	[0.2]
[0.0]	[0.0]	[0.0]
[0.5]	[0.0625]	[0.11111]
[0.5]	[0.1]	[0.16667]
[0.5]	[0.08333]	[0.14285]
[0.5]	[1.0]	[0.66667]
[0.5]	[0.03333]	[0.06249]
[0.5]	[0.14286]	[0.22223]
[0.5]	[1.0]	[0.66667]
[0.5]	[0.33333]	[0.4]
[0.58333]	[0.12963]	[0.21212]
[0.5]	[0.0625]	[0.11111]
[0.5]	[0.05263]	[0.09524]
[0.5]	[1.0]	[0.66667]
[0.5]	[0.1]	[0.16667]
[0.0]	[0.0]	[0.0]
[0.5]	[0.04545]	[0.08333]
[0.5]	[1.0]	[0.66667]
[0.5]	[0.25]	[0.33333]
[0.5]	[1.0]	[0.66667]
[0.5]	[0.11111]	[0.18182]
[0.72727]	[0.19512]	[0.30769]
[0.45455]	[0.13514]	[0.20834]
[0.0]	[0.0]	[0.0]
[0.5]	[0.2]	[0.28571]
[0.5]	[0.1]	[0.16667]
[0.5]	[0.06667]	[0.11765]
[0.5]	[0.03125]	[0.05882]
[0.5]	[0.5]	[0.5]
[0.0]	[0.0]	[0.0]
[0.5]	[0.25]	[0.33333]
[0.5]	[0.5]	[0.5]
[0.5]	[1.0]	[0.66667]
[0.66667]	[0.22857]	[0.34042]
[0.5]	[0.31579]	[0.3871]
[0.33333]	[0.16667]	[0.22222]
[0.66667]	[0.4]	[0.5]
[0.08333]	[0.1]	[0.09091]
[0.33333]	[0.30769]	[0.32]
[0.58333]	[0.26923]	[0.36842]
[0.5]	[0.18182]	[0.26667]
[0.16667]	[0.15385]	[0.16]
[0.16667]	[0.14286]	[0.15385]
[0.5]	[0.22222]	[0.30769]
[0.25]	[0.17647]	[0.2069]
[0.83333]	[0.21277]	[0.33899]
[0.33333]	[0.28571]	[0.30769]
[0.16667]	[0.18182]	[0.17392]
[0.5]	[0.2]	[0.28571]
[0.16667]	[0.125]	[0.14286]
[0.33333]	[0.09302]	[0.14545]
[0.5]	[0.2]	[0.28571]
[0.5]	[0.27273]	[0.35294]
[0.5]	[0.27273]	[0.35294]
[0.41667]	[0.17241]	[0.2439]
[0.58333]	[0.23333]	[0.33333]
[0.58333]	[0.10448]	[0.17722]
[0.41667]	[0.19231]	[0.26316]
[0.25]	[0.33333]	[0.28571]
[0.66667]	[0.21622]	[0.32654]
[0.33333]	[0.14815]	[0.20513]
[0.25]	[0.42857]	[0.31579]
[0.41667]	[0.2381]	[0.30304]
[0.41667]	[0.20833]	[0.27778]
[0.5]	[0.13636]	[0.21428]
[0.46667]	[0.58333]	[0.51852]
[0.33333]	[0.08929]	[0.14085]
[0.16667]	[0.02632]	[0.04546]
[0.6]	[0.23684]	[0.33962]
[0.33333]	[0.3125]	[0.32258]
[0.33333]	[0.33333]	[0.33333]
[0.33333]	[0.13158]	[0.18868]
[0.73333]	[0.28947]	[0.41509]
[0.46667]	[0.63636]	[0.53846]
[0.46667]	[0.25]	[0.32558]
[0.33333]	[0.27778]	[0.30303]
[0.53333]	[0.24242]	[0.33333]
[0.4]	[0.27273]	[0.32433]
[0.16667]	[0.04762]	[0.07408]
[0.2]	[0.2]	[0.2]
[0.4]	[0.42857]	[0.41379]
[0.4]	[0.375]	[0.3871]
[0.6]	[0.6]	[0.6]
[0.46667]	[0.4375]	[0.45161]
[0.2]	[0.16667]	[0.18182]
[0.6]	[0.69231]	[0.64286]
[0.46667]	[0.21875]	[0.29787]
[0.46667]	[0.17949]	[0.25926]
[0.4]	[0.15789]	[0.22641]
[0.83333]	[0.35714]	[0.5]
[0.2]	[0.1]	[0.13333]
[0.2]	[0.08824]	[0.12245]
[0.46667]	[0.21875]	[0.29787]
[0.4]	[0.24]	[0.3]
[0.73333]	[0.36667]	[0.48889]
[0.66667]	[0.58824]	[0.625]
[0.53333]	[0.38095]	[0.44444]
[0.28571]	[0.2]	[0.23529]
[0.57143]	[0.46154]	[0.51064]
[0.38095]	[0.44444]	[0.41025]
[0.66667]	[0.08511]	[0.15095]
[0.14286]	[0.25]	[0.18182]
[0.33333]	[0.21212]	[0.25926]
[0.33333]	[0.23333]	[0.27451]
[0.33333]	[0.46667]	[0.38889]
[0.2381]	[0.27778]	[0.25641]
[0.42857]	[0.5625]	[0.48649]
[0.09524]	[0.13333]	[0.11111]
[0.33333]	[0.22581]	[0.26923]
[0.47619]	[0.37037]	[0.41667]
[0.57143]	[0.36364]	[0.44445]
[0.33333]	[0.5]	[0.4]
[0.42857]	[0.5625]	[0.48649]
[0.47619]	[0.32258]	[0.38461]
[0.42857]	[0.34615]	[0.38298]
[0.28571]	[0.28571]	[0.28571]
[0.33333]	[0.46667]	[0.38889]
[0.38095]	[0.4]	[0.39024]
[0.33333]	[0.20588]	[0.25454]
[0.2381]	[0.20833]	[0.22222]
[0.42857]	[0.34615]	[0.38298]
[0.47619]	[0.45455]	[0.46512]
[0.0]	[0.0]	[0.0]
[0.47619]	[0.47619]	[0.47619]
[0.42857]	[0.16981]	[0.24324]
[0.19048]	[0.26667]	[0.22223]
[0.14286]	[0.17647]	[0.1579]
[0.2381]	[0.11905]	[0.15873]
[0.61905]	[0.38235]	[0.47273]
[1.0]	[0.41176]	[0.58333]
[0.71429]	[0.35714]	[0.47619]
[0.57143]	[0.33333]	[0.42105]
[0.71429]	[0.33333]	[0.45454]
[0.81818]	[0.81818]	[0.81818]
[0.83333]	[1.0]	[0.90909]
[0.57143]	[0.18182]	[0.27586]
[0.71429]	[0.38462]	[0.5]
[0.71429]	[0.3125]	[0.43478]
[0.57143]	[0.21053]	[0.3077]
[0.57143]	[0.21053]	[0.3077]
[0.42857]	[0.3]	[0.35294]
[0.85714]	[0.31579]	[0.46154]
[0.42857]	[0.33333]	[0.375]
[0.42857]	[0.3]	[0.35294]
[0.42857]	[0.12]	[0.1875]
[0.66667]	[0.36364]	[0.47059]
[0.42857]	[0.27273]	[0.33333]
[0.85714]	[0.35294]	[0.5]
[0.42857]	[0.42857]	[0.42857]
[0.71429]	[0.5]	[0.58824]
[0.42857]	[0.3]	[0.35294]
[0.42857]	[0.17647]	[0.25]
[0.85714]	[0.6]	[0.70588]
[0.71429]	[0.16667]	[0.27027]
[0.57143]	[0.33333]	[0.42105]
[0.57143]	[0.33333]	[0.42105]
[0.83333]	[1.0]	[0.90909]
[0.57143]	[0.23529]	[0.33333]
[0.42857]	[0.25]	[0.31579]
[0.71429]	[0.45455]	[0.55556]
[0.57143]	[0.26667]	[0.36364]
[0.55556]	[0.15625]	[0.2439]
[0.0]	[0.0]	[0.0]
[0.11111]	[0.03448]	[0.05263]
[0.22222]	[0.13333]	[0.16666]
[0.77778]	[0.31818]	[0.45161]
[0.44444]	[0.36364]	[0.4]
[0.33333]	[1.0]	[0.5]
[0.44444]	[0.08163]	[0.13793]
[0.0]	[0.0]	[0.0]
[0.55556]	[0.2381]	[0.33334]
[0.77778]	[0.33333]	[0.46666]
[0.22222]	[0.1]	[0.13793]
[0.0]	[0.0]	[0.0]
[0.66667]	[0.4]	[0.5]
[0.66667]	[0.10345]	[0.17911]
[0.55556]	[0.20833]	[0.30303]
[0.22222]	[0.16667]	[0.19048]
[0.83333]	[0.55556]	[0.66667]
[0.0]	[0.0]	[0.0]
[0.55556]	[0.13158]	[0.21277]
[0.0]	[0.0]	[0.0]
[0.44444]	[0.36364]	[0.4]
[0.22222]	[0.22222]	[0.22222]
[0.66667]	[0.19355]	[0.3]
[0.55556]	[0.16129]	[0.25]
[0.66667]	[0.28571]	[0.4]
[0.22222]	[0.15385]	[0.18182]
[0.55556]	[0.3125]	[0.4]
[0.33333]	[0.11765]	[0.17392]
[0.66667]	[0.33333]	[0.44444]
[0.55556]	[0.38462]	[0.45455]
[1.0]	[1.0]	[1.0]
[1.0]	[1.0]	[1.0]
[0.81818]	[0.9]	[0.85714]
[1.0]	[1.0]	[1.0]
[1.0]	[1.0]	[1.0]
[1.0]	[1.0]	[1.0]
[0.45455]	[0.625]	[0.52632]
[1.0]	[1.0]	[1.0]
[0.16667]	[0.05]	[0.07692]
[1.0]	[0.64706]	[0.78572]
[1.0]	[1.0]	[1.0]
[1.0]	[1.0]	[1.0]
[0.90909]	[0.90909]	[0.90909]
[1.0]	[0.73333]	[0.84615]
[0.54545]	[0.54545]	[0.54545]
[0.63636]	[0.77778]	[0.7]
[1.0]	[0.73333]	[0.84615]
[0.63636]	[0.77778]	[0.7]
[1.0]	[1.0]	[1.0]
[0.16667]	[0.14286]	[0.15385]
[1.0]	[1.0]	[1.0]
[0.0]	[0.0]	[0.0]
[0.54545]	[0.42857]	[0.48]
[1.0]	[0.78571]	[0.88]
[0.63636]	[0.77778]	[0.7]
[0.81818]	[0.52941]	[0.64286]
[1.0]	[1.0]	[1.0]
[1.0]	[1.0]	[1.0]
[1.0]	[0.78571]	[0.88]
[0.81818]	[0.9]	[0.85714]
[0.83333]	[0.17241]	[0.28571]
[0.42857]	[0.35714]	[0.38961]
[0.54286]	[0.48718]	[0.51352]
[0.08571]	[0.1875]	[0.11764]
[0.25714]	[0.21951]	[0.23684]
[0.31429]	[0.24444]	[0.275]
[0.25714]	[0.5]	[0.33962]
[0.45714]	[0.41026]	[0.43243]
[0.22857]	[0.23529]	[0.23188]
[0.22857]	[0.42105]	[0.29629]
[0.11429]	[0.10811]	[0.11111]
[0.33333]	[0.5]	[0.4]
[0.31429]	[0.32353]	[0.31884]
[0.2]	[0.41176]	[0.26923]
[0.25714]	[0.36]	[0.3]
[0.28571]	[0.29412]	[0.28985]
[0.22857]	[0.42105]	[0.29629]
[0.14286]	[0.2]	[0.16667]
[0.22857]	[0.42105]	[0.29629]
[0.42857]	[0.22727]	[0.29703]
[0.37143]	[0.29545]	[0.32911]
[0.31429]	[0.23404]	[0.26829]
[0.81818]	[0.81818]	[0.81818]
[0.33333]	[0.09091]	[0.14286]
[0.25714]	[0.375]	[0.30508]
[0.57143]	[0.43478]	[0.49383]
[0.14286]	[0.35714]	[0.20408]
[0.37143]	[0.46429]	[0.4127]
[0.31429]	[0.40741]	[0.35484]
[0.4]	[0.29787]	[0.34146]
[0.37143]	[0.33333]	[0.35135]
[0.17143]	[0.3]	[0.21818]
[0.25]	[0.25]	[0.25]
[0.25]	[0.26667]	[0.25807]
[0.83333]	[1.0]	[0.90909]
[0.1875]	[0.42857]	[0.26087]
[0.3125]	[0.41667]	[0.35714]
[0.4375]	[0.18421]	[0.25926]
[0.375]	[0.24]	[0.29268]
[0.25]	[0.12903]	[0.17021]
[0.25]	[0.22222]	[0.23529]
[0.375]	[0.375]	[0.375]
[0.375]	[0.25]	[0.3]
[0.0]	[0.0]	[0.0]
[0.3125]	[0.13889]	[0.19231]
[0.16667]	[0.06667]	[0.09524]
[0.25]	[0.66667]	[0.36364]
[0.5625]	[0.1125]	[0.1875]
[0.25]	[0.33333]	[0.28571]
[0.125]	[0.11765]	[0.12121]
[0.0625]	[0.125]	[0.08333]
[0.1875]	[0.08108]	[0.11321]
[0.125]	[0.15385]	[0.13793]
[0.25]	[0.30769]	[0.27586]
[0.1875]	[0.25]	[0.21429]
[0.3125]	[0.11628]	[0.16949]
[0.66667]	[0.8]	[0.72727]
[0.3125]	[0.33333]	[0.32258]
[0.0625]	[0.33333]	[0.10526]
[0.25]	[0.30769]	[0.27586]
[0.3125]	[0.26316]	[0.28572]
[0.25]	[0.26667]	[0.25807]
[0.25]	[0.4]	[0.30769]
[0.52174]	[0.54545]	[0.53333]
[0.47826]	[0.47826]	[0.47826]
[0.17391]	[1.0]	[0.29629]
[0.52174]	[0.3]	[0.38095]
[0.83333]	[1.0]	[0.90909]
[0.47826]	[0.47826]	[0.47826]
[0.34783]	[0.47059]	[0.4]
[0.52174]	[0.33333]	[0.40678]
[0.3913]	[0.26471]	[0.31579]
[0.43478]	[0.45455]	[0.44445]
[0.56522]	[0.41935]	[0.48148]
[0.17391]	[0.36364]	[0.23529]
[0.34783]	[0.57143]	[0.43244]
[0.47826]	[0.6875]	[0.5641]
[0.52174]	[0.36364]	[0.42857]
[0.83333]	[1.0]	[0.90909]
[0.30435]	[0.28]	[0.29167]
[0.52174]	[0.22642]	[0.31579]
[0.30435]	[0.33333]	[0.31818]
[0.47826]	[0.32353]	[0.38597]
[0.43478]	[0.30303]	[0.35714]
[0.34783]	[0.38095]	[0.36364]
[0.3913]	[0.23077]	[0.29032]
[0.73913]	[0.37778]	[0.5]
[0.43478]	[0.43478]	[0.43478]
[0.34783]	[0.42105]	[0.38095]
[0.5]	[0.23077]	[0.31579]
[0.26087]	[0.24]	[0.25]
[0.47826]	[0.28947]	[0.36065]
[0.43478]	[0.47619]	[0.45454]
[0.17391]	[0.44444]	[0.25]
[1.0]	[1.0]	[1.0]
[0.66667]	[0.08]	[0.14286]
[1.0]	[1.0]	[1.0]
[1.0]	[0.42857]	[0.6]
[1.0]	[1.0]	[1.0]
[0.33333]	[0.07692]	[0.125]
[0.66667]	[0.26667]	[0.38096]
[1.0]	[1.0]	[1.0]
[1.0]	[1.0]	[1.0]
[1.0]	[1.0]	[1.0]
[1.0]	[0.15789]	[0.27272]
[1.0]	[1.0]	[1.0]
[0.66667]	[0.5]	[0.57143]
[1.0]	[1.0]	[1.0]
[0.66667]	[0.1]	[0.17391]
[0.66667]	[1.0]	[0.8]
[1.0]	[0.42857]	[0.6]
[0.16667]	[0.125]	[0.14286]
[1.0]	[1.0]	[1.0]
[1.0]	[0.14286]	[0.25]
[1.0]	[0.10714]	[0.19354]
[1.0]	[1.0]	[1.0]
[0.33333]	[0.04348]	[0.07693]
[1.0]	[0.10714]	[0.19354]
[0.66667]	[0.5]	[0.57143]
[0.66667]	[0.18182]	[0.28572]
[0.66667]	[1.0]	[0.8]
[1.0]	[1.0]	[1.0]
[0.83333]	[1.0]	[0.90909]
[0.33333]	[0.05882]	[0.09999]
[1.0]	[1.0]	[1.0]
[0.29167]	[0.26923]	[0.28]
[0.5]	[0.46154]	[0.48]
[0.08333]	[0.18182]	[0.11428]
[0.16667]	[0.13793]	[0.15094]
[0.41667]	[0.625]	[0.5]
[0.16667]	[0.33333]	[0.22222]
[0.41667]	[0.43478]	[0.42553]
[0.29167]	[0.14894]	[0.19719]
[0.18182]	[0.14286]	[0.16]
[0.5]	[1.0]	[0.66667]
[0.29167]	[0.36842]	[0.32558]
[0.20833]	[0.38462]	[0.27027]
[0.04167]	[0.33333]	[0.07408]
[0.20833]	[0.29412]	[0.2439]
[0.16667]	[0.30769]	[0.21622]
[0.54167]	[0.14444]	[0.22806]
[0.08333]	[0.2]	[0.11764]
[0.5]	[0.3]	[0.375]
[0.33333]	[0.36364]	[0.34783]
[0.375]	[0.19565]	[0.25714]
[0.66667]	[0.44444]	[0.53333]
[0.375]	[0.36]	[0.36735]
[0.70833]	[0.44737]	[0.54839]
[0.25]	[0.21429]	[0.23077]
[0.5]	[0.32432]	[0.39344]
[0.0]	[0.0]	[0.0]
[0.33333]	[0.2963]	[0.31373]
[0.375]	[0.42857]	[0.4]
[0.75]	[0.6]	[0.66667]
[0.08333]	[0.33333]	[0.13333]
[0.16667]	[0.33333]	[0.22222]
[0.16667]	[0.14286]	[0.15385]
[0.5]	[0.21569]	[0.30137]
[0.45455]	[0.25]	[0.32258]
[0.31818]	[0.35]	[0.33333]
[0.22727]	[0.2381]	[0.23256]
[0.27273]	[0.18182]	[0.21818]
[0.59091]	[0.56522]	[0.57778]
[0.5]	[0.21569]	[0.30137]
[0.13636]	[0.15789]	[0.14634]
[0.40909]	[0.23077]	[0.29508]
[0.31818]	[0.36842]	[0.34146]
[0.30769]	[0.4]	[0.34782]
[0.04545]	[0.5]	[0.08333]
[0.59091]	[0.15476]	[0.24528]
[0.68182]	[0.20833]	[0.31915]
[0.5]	[0.15278]	[0.23405]
[0.45455]	[0.27027]	[0.33898]
[0.45455]	[0.2]	[0.27778]
[0.27273]	[0.19355]	[0.22642]
[0.63636]	[0.4]	[0.49123]
[0.27273]	[0.25]	[0.26087]
[0.40909]	[0.25]	[0.31034]
[0.19231]	[0.19231]	[0.19231]
[0.54545]	[0.21053]	[0.3038]
[0.68182]	[0.16667]	[0.26786]
[0.0]	[0.0]	[0.0]
[0.09091]	[0.11765]	[0.10257]
[0.5]	[0.18644]	[0.2716]
[0.36364]	[0.14035]	[0.20253]
[0.40909]	[0.18]	[0.25]
[0.36364]	[0.27586]	[0.31373]
[0.46154]	[0.36364]	[0.40678]
[0.38462]	[0.25641]	[0.30769]
[0.53846]	[0.36842]	[0.4375]
[0.53846]	[0.35]	[0.42424]
[0.26923]	[0.53846]	[0.35897]
[0.45455]	[0.29412]	[0.35715]
[0.46154]	[0.36364]	[0.40678]
[0.46154]	[0.5]	[0.48]
[0.34615]	[0.31034]	[0.32727]
[0.42308]	[0.64706]	[0.51163]
[0.65385]	[0.73913]	[0.69388]
[0.15385]	[0.36364]	[0.21622]
[0.5]	[0.22034]	[0.30588]
[0.46154]	[0.28571]	[0.35294]
[0.46154]	[0.5]	[0.48]
[0.23077]	[0.33333]	[0.27273]
[0.81818]	[0.81818]	[0.81818]
[0.53846]	[0.4375]	[0.48276]
[0.46154]	[0.44444]	[0.45283]
[0.57692]	[0.48387]	[0.52631]
[0.38462]	[0.66667]	[0.48781]
[0.42308]	[0.26829]	[0.32836]
[0.30769]	[0.42105]	[0.35555]
[0.38462]	[0.41667]	[0.4]
[0.46154]	[0.48]	[0.47059]
[0.34615]	[0.27273]	[0.30508]
[0.19231]	[0.625]	[0.29412]
[0.36364]	[0.21053]	[0.26667]
[0.53846]	[0.82353]	[0.65116]
[0.53846]	[0.45161]	[0.49123]
[0.25806]	[0.25]	[0.25397]
[0.32258]	[0.18182]	[0.23256]
[0.32258]	[0.30303]	[0.3125]
[0.22581]	[0.24138]	[0.23334]
[0.19355]	[0.375]	[0.25532]
[0.29032]	[0.21951]	[0.25]
[0.25806]	[0.61538]	[0.36363]
[0.32258]	[0.4]	[0.35714]
[0.45455]	[0.2]	[0.27778]
[0.41935]	[0.59091]	[0.49056]
[0.19355]	[0.42857]	[0.26667]
[0.32258]	[0.625]	[0.42553]
[0.16129]	[0.22727]	[0.18868]
[0.06452]	[0.14286]	[0.08889]
[0.25806]	[0.36364]	[0.30188]
[0.51613]	[0.34043]	[0.41026]
[0.19355]	[0.375]	[0.25532]
[0.25806]	[0.53333]	[0.34782]
[0.16129]	[0.71429]	[0.26316]
[0.27273]	[0.2]	[0.23077]
[0.12903]	[0.28571]	[0.17777]
[0.06452]	[0.5]	[0.11429]
[0.12903]	[0.30769]	[0.18182]
[0.51613]	[0.33333]	[0.40506]
[0.32258]	[0.3125]	[0.31746]
[0.25806]	[0.42105]	[0.32]
[0.25806]	[0.57143]	[0.35555]
[0.54839]	[0.45946]	[0.5]
[0.22581]	[0.58333]	[0.32558]
[0.12903]	[0.28571]	[0.17777]
[0.36364]	[0.06061]	[0.1039]
[0.32258]	[0.625]	[0.42553]
[0.37037]	[0.625]	[0.46512]
[0.03704]	[0.5]	[0.06897]
[0.22222]	[0.66667]	[0.33333]
[0.22222]	[0.5]	[0.30769]
[0.22222]	[0.66667]	[0.33333]
[0.03704]	[0.16667]	[0.06061]
[0.22222]	[0.6]	[0.32432]
[0.07407]	[0.4]	[0.12499]
[0.33333]	[0.75]	[0.46154]
[0.90909]	[0.55556]	[0.68966]
[0.5]	[0.15789]	[0.23999]
[0.18519]	[0.5]	[0.27028]
[0.07407]	[0.28571]	[0.11764]
[0.0]	[0.0]	[0.0]
[0.03704]	[0.25]	[0.06452]
[0.25926]	[0.58333]	[0.35897]
[0.2963]	[0.44444]	[0.35556]
[0.2963]	[0.57143]	[0.39025]
[0.18519]	[0.41667]	[0.25642]
[0.11111]	[0.3]	[0.16216]
[0.11111]	[0.5]	[0.18182]
[0.27778]	[0.55556]	[0.37037]
[0.40741]	[0.84615]	[0.55]
[0.11111]	[0.375]	[0.17143]
[0.22222]	[0.66667]	[0.33333]
[0.37037]	[0.83333]	[0.51282]
[0.22222]	[0.66667]	[0.33333]
[0.2963]	[0.61538]	[0.4]
[0.18519]	[0.55556]	[0.27778]
[0.11111]	[0.5]	[0.18182]
[0.22222]	[0.66667]	[0.33333]
[0.03704]	[0.16667]	[0.06061]
[0.5]	[0.64286]	[0.5625]
[0.0]	[0.0]	[0.0]
[0.0]	[0.0]	[0.0]
[0.5]	[0.05263]	[0.09524]
[0.0]	[0.0]	[0.0]
[0.0]	[0.0]	[0.0]
[0.0]	[0.0]	[0.0]
[0.5]	[0.25]	[0.33333]
[0.0]	[0.0]	[0.0]
[0.0]	[0.0]	[0.0]
[0.0]	[0.0]	[0.0]
[0.61111]	[0.21569]	[0.31884]
[0.0]	[0.0]	[0.0]
[0.0]	[0.0]	[0.0]
[0.0]	[0.0]	[0.0]
[0.0]	[0.0]	[0.0]
[0.5]	[0.01887]	[0.03637]
[0.5]	[0.07692]	[0.13333]
[0.5]	[0.09091]	[0.15385]
[0.0]	[0.0]	[0.0]
[0.0]	[0.0]	[0.0]
[0.0]	[0.0]	[0.0]
[0.44444]	[0.61538]	[0.51612]
[0.0]	[0.0]	[0.0]
[0.0]	[0.0]	[0.0]
[0.0]	[0.0]	[0.0]
[0.5]	[0.09091]	[0.15385]
[0.0]	[0.0]	[0.0]
[0.0]	[0.0]	[0.0]
[0.0]	[0.0]	[0.0]
[0.0]	[0.0]	[0.0]
[0.0]	[0.0]	[0.0]
[0.16129]	[0.13514]	[0.14706]
[0.11111]	[0.22222]	[0.14815]
[0.67742]	[0.12139]	[0.20589]
[0.58065]	[0.66667]	[0.62069]
[0.22581]	[0.31818]	[0.26415]
[0.51613]	[0.61538]	[0.5614]
[0.41935]	[0.5]	[0.45614]
[0.25806]	[0.47059]	[0.33333]
[0.41935]	[0.43333]	[0.42623]
[0.41935]	[0.40625]	[0.4127]
[0.16129]	[0.29412]	[0.20833]
[0.22581]	[0.31818]	[0.26415]
[0.05556]	[0.33333]	[0.09524]
[0.25806]	[0.38095]	[0.30769]
[0.19355]	[0.46154]	[0.27273]
[0.6129]	[0.54286]	[0.57576]
[0.58065]	[0.43902]	[0.5]
[0.45161]	[0.37838]	[0.41176]
[0.35484]	[0.39286]	[0.37288]
[0.3871]	[0.48]	[0.42857]
[0.25806]	[0.42105]	[0.32]
[0.58065]	[0.69231]	[0.63158]
[0.29032]	[0.6]	[0.3913]
[0.16667]	[1.0]	[0.28572]
[0.09677]	[0.375]	[0.15384]
[0.32258]	[0.47619]	[0.38461]
[0.45161]	[0.66667]	[0.53846]
[0.22581]	[0.41176]	[0.29167]
[0.64516]	[0.57143]	[0.60606]
[0.35484]	[0.47826]	[0.40741]
[0.22581]	[0.29167]	[0.25455]
[0.45161]	[0.48276]	[0.46667]
[0.25]	[0.13636]	[0.17647]
[0.08333]	[0.0625]	[0.07143]
[0.0]	[0.0]	[0.0]
[0.25]	[0.15789]	[0.19354]
[0.0]	[0.0]	[0.0]
[0.16667]	[0.0625]	[0.09091]
[0.58333]	[0.31818]	[0.41176]
[0.33333]	[0.13333]	[0.19047]
[0.25]	[0.42857]	[0.31579]
[0.16667]	[0.14286]	[0.15385]
[0.25]	[0.16667]	[0.2]
[0.25]	[0.23077]	[0.24]
[0.25]	[0.375]	[0.3]
[0.16667]	[1.0]	[0.28572]
[0.25]	[0.33333]	[0.28571]
[0.33333]	[0.09756]	[0.15094]
[0.16667]	[0.08696]	[0.11429]
[0.58333]	[0.41176]	[0.48275]
[0.25]	[0.075]	[0.11538]
[0.08333]	[0.1]	[0.09091]
[0.33333]	[0.16]	[0.21622]
[0.08333]	[0.07143]	[0.07692]
[0.33333]	[0.22222]	[0.26666]
[0.16667]	[0.18182]	[0.17392]
[0.81818]	[0.225]	[0.35294]
[0.33333]	[0.46154]	[0.3871]
[0.41667]	[0.35714]	[0.38462]
[0.0]	[0.0]	[0.0]
[0.16667]	[0.22222]	[0.19048]
[0.16667]	[0.22222]	[0.19048]
[0.16667]	[0.5]	[0.25]
[0.08333]	[0.2]	[0.11764]
[0.41667]	[0.5]	[0.45455]
[0.90909]	[0.38462]	[0.54054]
[0.54545]	[0.3]	[0.3871]
[0.90909]	[0.66667]	[0.76923]
[0.33333]	[0.6]	[0.42857]
[0.63636]	[0.24138]	[0.35]
[0.81818]	[0.69231]	[0.75]
[0.27273]	[0.375]	[0.31579]
[0.45455]	[0.27778]	[0.34483]
[0.27273]	[0.6]	[0.375]
[0.81818]	[0.47368]	[0.6]
[0.72727]	[0.72727]	[0.72727]
[0.81818]	[0.81818]	[0.81818]
[0.81818]	[0.75]	[0.78261]
[0.90909]	[0.5]	[0.64516]
[0.0]	[0.0]	[0.0]
[0.27273]	[0.5]	[0.35294]
[0.63636]	[0.63636]	[0.63636]
[0.81818]	[0.5]	[0.62069]
[0.27273]	[0.3]	[0.28572]
[0.27273]	[0.6]	[0.375]
[1.0]	[0.5]	[0.66667]
[0.81818]	[0.81818]	[0.81818]
[0.81818]	[0.6]	[0.69231]
[0.36364]	[0.30769]	[0.33333]
[0.81818]	[0.81818]	[0.81818]
[0.05556]	[1.0]	[0.10527]
[0.45455]	[0.83333]	[0.58824]
[0.81818]	[0.81818]	[0.81818]
[0.90909]	[0.52632]	[0.66667]
[0.63636]	[0.875]	[0.73684]
[0.45455]	[1.0]	[0.625]
[0.54545]	[0.85714]	[0.66666]
[1.0]	[0.06061]	[0.11429]
[0.5]	[0.11111]	[0.18182]
[1.0]	[0.4]	[0.57143]
[1.0]	[0.04348]	[0.08334]
[0.38889]	[0.26923]	[0.31818]
[1.0]	[0.09524]	[0.17392]
[0.5]	[0.04762]	[0.08696]
[0.5]	[0.03704]	[0.06897]
[0.0]	[0.0]	[0.0]
[1.0]	[0.13333]	[0.23529]
[0.0]	[0.0]	[0.0]
[1.0]	[0.22222]	[0.36363]
[1.0]	[1.0]	[1.0]
[0.0]	[0.0]	[0.0]
[0.0]	[0.0]	[0.0]
[0.55556]	[0.28571]	[0.37736]
[1.0]	[0.2]	[0.33333]
[1.0]	[0.33333]	[0.5]
[0.0]	[0.0]	[0.0]
[0.0]	[0.0]	[0.0]
[0.5]	[0.0625]	[0.11111]
[0.0]	[0.0]	[0.0]
[1.0]	[0.33333]	[0.5]
[0.0]	[0.0]	[0.0]
[0.0]	[0.0]	[0.0]
[0.0]	[0.0]	[0.0]
[0.16667]	[0.6]	[0.26087]
[0.5]	[0.2]	[0.28571]
[0.0]	[0.0]	[0.0]
[0.0]	[0.0]	[0.0]
[1.0]	[1.0]	[1.0]
[0.5]	[0.0625]	[0.11111]
[0.47059]	[0.25806]	[0.33333]
[0.41176]	[0.12727]	[0.19444]
[0.47059]	[0.22857]	[0.30769]
[0.11765]	[0.11765]	[0.11765]
[0.64706]	[0.33333]	[0.44]
[0.16667]	[0.11538]	[0.13636]
[0.29412]	[0.17857]	[0.22222]
[0.35294]	[0.375]	[0.36364]
[0.29412]	[0.41667]	[0.34483]
[0.41176]	[0.5]	[0.45161]
[0.41176]	[0.36842]	[0.38889]
[0.11765]	[0.11765]	[0.11765]
[0.11765]	[0.14286]	[0.12904]
[0.41176]	[0.26923]	[0.32558]
[0.17647]	[0.42857]	[0.25]
[0.23529]	[0.4]	[0.29629]
[0.05556]	[0.25]	[0.09092]
[0.76471]	[0.40625]	[0.53061]
[0.52941]	[0.64286]	[0.58065]
[0.0]	[0.0]	[0.0]
[0.47059]	[0.5]	[0.48485]
[0.76471]	[0.48148]	[0.59091]
[0.11765]	[0.11765]	[0.11765]
[0.41176]	[0.5]	[0.45161]
[0.0]	[0.0]	[0.0]
[0.41176]	[0.58333]	[0.48275]
[0.41176]	[0.36842]	[0.38889]
[0.38889]	[0.23333]	[0.29166]
[0.64706]	[0.61111]	[0.62857]
[0.58824]	[0.41667]	[0.48781]
[0.11765]	[0.33333]	[0.17392]
[0.70588]	[0.8]	[0.75]
[0.45455]	[0.2381]	[0.31251]
[0.0]	[0.0]	[0.0]
[0.36364]	[0.25]	[0.2963]
[0.36364]	[0.10526]	[0.16326]
[0.45455]	[0.21739]	[0.29412]
[0.09091]	[0.07692]	[0.08333]
[0.54545]	[0.15789]	[0.24489]
[0.11111]	[0.5]	[0.18182]
[0.27273]	[0.375]	[0.31579]
[0.18182]	[0.16667]	[0.17392]
[0.45455]	[0.5]	[0.47619]
[0.18182]	[0.14286]	[0.16]
[0.27273]	[0.21429]	[0.24]
[0.27273]	[0.2]	[0.23077]
[0.18182]	[0.08]	[0.11111]
[0.18182]	[0.22222]	[0.2]
[0.36364]	[0.25]	[0.2963]
[0.45455]	[0.11628]	[0.18519]
[0.16667]	[1.0]	[0.28572]
[0.18182]	[0.14286]	[0.16]
[0.0]	[0.0]	[0.0]
[0.18182]	[0.15385]	[0.16667]
[0.18182]	[0.15385]	[0.16667]
[0.27273]	[0.1875]	[0.22222]
[0.18182]	[0.18182]	[0.18182]
[0.36364]	[0.18182]	[0.24243]
[0.45455]	[0.22727]	[0.30303]
[0.09091]	[0.1]	[0.09524]
[0.45455]	[0.21739]	[0.29412]
[0.05556]	[0.33333]	[0.09524]
[0.18182]	[0.18182]	[0.18182]
[0.0]	[0.0]	[0.0]
[0.0]	[0.0]	[0.0]
[0.38462]	[0.5]	[0.43479]
[0.23077]	[0.375]	[0.28571]
[0.46154]	[0.35294]	[0.4]
[0.34615]	[0.26471]	[0.3]
[0.34615]	[0.47368]	[0.4]
[0.03846]	[0.1]	[0.05555]
[0.30769]	[0.42105]	[0.35555]
[0.11111]	[0.16667]	[0.13333]
[0.11538]	[0.25]	[0.15789]
[0.11538]	[0.25]	[0.15789]
[0.07692]	[0.66667]	[0.13793]
[0.23077]	[0.46154]	[0.30769]
[0.30769]	[0.44444]	[0.36363]
[0.0]	[0.0]	[0.0]
[0.03846]	[0.09091]	[0.05405]
[0.07692]	[0.28571]	[0.12121]
[0.34615]	[0.45]	[0.3913]
[0.07692]	[0.15385]	[0.10256]
[0.0]	[0.0]	[0.0]
[0.07692]	[0.66667]	[0.13793]
[0.03846]	[0.14286]	[0.0606]
[0.07692]	[0.5]	[0.13333]
[0.03846]	[0.125]	[0.05882]
[0.11538]	[0.21429]	[0.15]
[0.15385]	[0.28571]	[0.2]
[0.19231]	[0.625]	[0.29412]
[0.03846]	[0.11111]	[0.05714]
[0.30769]	[0.44444]	[0.36363]
[0.0]	[0.0]	[0.0]
[0.27778]	[0.71429]	[0.4]
[0.11538]	[0.27273]	[0.16216]
[0.03846]	[0.14286]	[0.0606]
[0.46667]	[0.17073]	[0.25]
[0.06667]	[0.1]	[0.08]
[0.66667]	[0.38462]	[0.48781]
[0.8]	[0.30769]	[0.44444]
[0.6]	[0.34615]	[0.43902]
[0.2]	[0.3]	[0.24]
[0.4]	[0.23077]	[0.29268]
[0.06667]	[0.16667]	[0.09524]
[0.11111]	[0.08696]	[0.09756]
[0.53333]	[0.33333]	[0.41025]
[0.53333]	[0.8]	[0.64]
[0.33333]	[0.45455]	[0.38461]
[0.66667]	[0.45455]	[0.54054]
[0.33333]	[0.55556]	[0.41667]
[0.46667]	[0.5]	[0.48276]
[0.53333]	[0.36364]	[0.43243]
[0.6]	[0.2]	[0.3]
[0.4]	[0.35294]	[0.375]
[0.13333]	[0.13333]	[0.13333]
[0.05556]	[1.0]	[0.10527]
[0.46667]	[0.41176]	[0.4375]
[0.33333]	[0.22727]	[0.27027]
[0.6]	[0.375]	[0.46154]
[0.46667]	[0.36842]	[0.41177]
[0.6]	[0.42857]	[0.5]
[0.73333]	[0.64706]	[0.6875]
[0.4]	[0.33333]	[0.36363]
[0.46667]	[0.63636]	[0.53846]
[0.46667]	[0.33333]	[0.38889]
[0.13333]	[0.18182]	[0.15384]
[0.38889]	[0.20588]	[0.26923]
[0.26667]	[0.44444]	[0.33333]
[0.71429]	[0.5]	[0.58824]
[0.07143]	[0.03448]	[0.04651]
[0.5]	[0.38889]	[0.4375]
[0.64286]	[0.11842]	[0.2]
[0.64286]	[0.34615]	[0.45]
[0.5]	[0.30435]	[0.37838]
[0.21429]	[0.14286]	[0.17143]
[0.07143]	[0.11111]	[0.08696]
[0.28571]	[0.44444]	[0.34782]
[0.33333]	[0.01087]	[0.02105]
[0.21429]	[0.1875]	[0.2]
[0.71429]	[0.43478]	[0.54054]
[0.71429]	[0.43478]	[0.54054]
[0.0]	[0.0]	[0.0]
[0.07143]	[0.11111]	[0.08696]
[0.35714]	[0.19231]	[0.25]
[0.64286]	[0.12857]	[0.21428]
[0.35714]	[0.35714]	[0.35714]
[0.07143]	[0.125]	[0.09091]
[0.57143]	[0.33333]	[0.42105]
[0.09091]	[0.08333]	[0.08696]
[0.33333]	[0.01429]	[0.02741]
[0.28571]	[0.36364]	[0.32]
[0.71429]	[0.43478]	[0.54054]
[0.57143]	[0.34783]	[0.43244]
[0.71429]	[0.37037]	[0.48781]
[0.57143]	[0.42105]	[0.48485]
[0.64286]	[0.29032]	[0.4]
[0.71429]	[0.45455]	[0.55556]
[0.14286]	[0.0625]	[0.08696]
[0.5]	[0.5]	[0.5]
[0.28571]	[0.57143]	[0.38095]
[0.33333]	[0.04762]	[0.08333]
[0.3]	[0.15789]	[0.20689]
[0.5]	[0.12821]	[0.20409]
[0.9]	[0.40909]	[0.5625]
[0.3]	[0.27273]	[0.28572]
[0.8]	[0.17391]	[0.28571]
[0.6]	[0.375]	[0.46154]
[0.4]	[0.15385]	[0.22223]
[0.0]	[0.0]	[0.0]
[0.3]	[0.23077]	[0.26087]
[0.8]	[0.17391]	[0.28571]
[0.33333]	[0.02381]	[0.04445]
[0.2]	[0.13333]	[0.16]
[0.1]	[0.2]	[0.13333]
[0.2]	[0.16667]	[0.18182]
[0.0]	[0.0]	[0.0]
[0.5]	[0.5]	[0.5]
[0.8]	[0.16]	[0.26667]
[0.7]	[0.10769]	[0.18666]
[0.2]	[0.06452]	[0.09757]
[0.5]	[0.18519]	[0.27028]
[0.6]	[0.375]	[0.46154]
[0.33333]	[0.05882]	[0.09999]
[0.7]	[0.77778]	[0.73684]
[0.6]	[0.3]	[0.4]
[0.0]	[0.0]	[0.0]
[0.5]	[0.20833]	[0.29411]
[0.1]	[0.03704]	[0.05406]
[0.5]	[0.25]	[0.33333]
[0.4]	[0.2]	[0.26667]
[0.6]	[0.5]	[0.54545]
[0.5]	[0.14286]	[0.22223]
[0.31579]	[0.2069]	[0.25]
[0.33333]	[0.02941]	[0.05405]
[0.68421]	[0.23214]	[0.34666]
[0.68421]	[0.31707]	[0.43333]
[0.47368]	[0.33333]	[0.3913]
[0.47368]	[0.42857]	[0.45]
[0.36842]	[0.20588]	[0.26415]
[0.57895]	[0.28947]	[0.38596]
[0.31579]	[0.22222]	[0.26087]
[0.68421]	[0.41935]	[0.52]
[0.57895]	[0.15714]	[0.24719]
[0.68421]	[0.46429]	[0.55319]
[0.33333]	[0.07692]	[0.125]
[0.31579]	[0.33333]	[0.32432]
[0.31579]	[0.31579]	[0.31579]
[0.42105]	[0.38095]	[0.4]
[0.31579]	[0.5]	[0.3871]
[0.73684]	[0.51852]	[0.6087]
[0.47368]	[0.24324]	[0.32142]
[0.36842]	[0.4375]	[0.4]
[0.21053]	[0.19048]	[0.2]
[0.21053]	[0.23529]	[0.22222]
[0.21053]	[0.36364]	[0.26667]
[0.33333]	[0.04762]	[0.08333]
[0.42105]	[0.42105]	[0.42105]
[0.36842]	[0.31818]	[0.34146]
[0.52632]	[0.29412]	[0.37736]
[0.31579]	[0.35294]	[0.33333]
[0.52632]	[0.55556]	[0.54054]
[0.52632]	[0.41667]	[0.46512]
[0.31579]	[0.375]	[0.34286]
[0.42105]	[0.44444]	[0.43243]
[1.0]	[0.66667]	[0.8]
[0.5]	[0.11111]	[0.18182]
[0.33333]	[0.25]	[0.28571]
[1.0]	[0.28571]	[0.44444]
[1.0]	[0.07692]	[0.14285]
[1.0]	[0.4]	[0.57143]
[0.0]	[0.0]	[0.0]
[0.5]	[0.01667]	[0.03226]
[0.0]	[0.0]	[0.0]
[1.0]	[1.0]	[1.0]
[0.0]	[0.0]	[0.0]
[1.0]	[0.04651]	[0.08889]
[1.0]	[0.4]	[0.57143]
[0.33333]	[0.16667]	[0.22222]
[0.0]	[0.0]	[0.0]
[0.0]	[0.0]	[0.0]
[1.0]	[1.0]	[1.0]
[1.0]	[0.02247]	[0.04395]
[0.5]	[0.05]	[0.09091]
[1.0]	[0.11765]	[0.21053]
[0.0]	[0.0]	[0.0]
[0.5]	[0.07692]	[0.13333]
[0.0]	[0.0]	[0.0]
[1.0]	[0.05128]	[0.09756]
[0.33333]	[0.01515]	[0.02898]
[1.0]	[0.66667]	[0.8]
[1.0]	[1.0]	[1.0]
[1.0]	[1.0]	[1.0]
[0.5]	[0.5]	[0.5]
[0.0]	[0.0]	[0.0]
[1.0]	[1.0]	[1.0]
[1.0]	[1.0]	[1.0]
[0.46667]	[0.24138]	[0.31818]
[0.13333]	[0.21053]	[0.16326]
[0.4]	[0.48]	[0.43636]
[0.36364]	[0.12121]	[0.18182]
[0.33333]	[0.08333]	[0.13333]
[0.53333]	[0.31373]	[0.39506]
[0.26667]	[0.66667]	[0.38096]
[0.26667]	[0.33333]	[0.2963]
[0.36667]	[0.39286]	[0.37931]
[0.13333]	[0.19048]	[0.15686]
[0.33333]	[0.58824]	[0.42553]
[0.76667]	[0.38333]	[0.51111]
[0.1]	[0.16667]	[0.125]
[0.2]	[0.25]	[0.22222]
[0.03333]	[0.25]	[0.05882]
[0.0]	[0.0]	[0.0]
[0.23333]	[0.26923]	[0.25]
[0.03333]	[0.05556]	[0.04167]
[0.4]	[0.24]	[0.3]
[0.36667]	[0.31429]	[0.33847]
[0.2]	[0.35294]	[0.25532]
[0.53333]	[0.55172]	[0.54237]
[0.26667]	[0.34783]	[0.30189]
[0.53333]	[0.45714]	[0.4923]
[0.23333]	[0.7]	[0.35]
[0.23333]	[0.7]	[0.35]
[0.0]	[0.0]	[0.0]
[0.36667]	[0.44]	[0.4]
[0.0]	[0.0]	[0.0]
[0.43333]	[0.36111]	[0.39394]
[0.13333]	[0.44444]	[0.20512]
[0.2]	[0.85714]	[0.32432]
[0.43333]	[0.325]	[0.37143]
[0.0]	[0.0]	[0.0]
[0.14286]	[0.33333]	[0.2]
[0.71429]	[0.3125]	[0.43478]
[0.14286]	[0.05556]	[0.08001]
[0.66667]	[0.125]	[0.21053]
[0.57143]	[0.25]	[0.34783]
[0.42857]	[0.75]	[0.54545]
[0.42857]	[0.42857]	[0.42857]
[0.42857]	[0.5]	[0.46154]
[0.14286]	[0.09091]	[0.11111]
[0.57143]	[0.07547]	[0.13333]
[0.57143]	[0.16667]	[0.25807]
[0.42857]	[0.6]	[0.5]
[0.0]	[0.0]	[0.0]
[0.71429]	[0.29412]	[0.41667]
[0.66667]	[0.01709]	[0.03333]
[0.14286]	[0.06667]	[0.09091]
[1.0]	[0.13208]	[0.23334]
[0.14286]	[0.08333]	[0.10526]
[0.42857]	[0.07692]	[0.13043]
[0.14286]	[0.16667]	[0.15385]
[0.57143]	[0.28571]	[0.38095]
[0.71429]	[0.83333]	[0.76923]
[0.57143]	[0.8]	[0.66667]
[0.42857]	[0.15]	[0.22222]
[0.57143]	[0.4]	[0.47059]
[0.66667]	[0.07143]	[0.12903]
[0.0]	[0.0]	[0.0]
[0.14286]	[1.0]	[0.25]
[0.71429]	[0.71429]	[0.71429]
[0.0]	[0.0]	[0.0]
[0.28571]	[0.25]	[0.26666]
[0.33333]	[0.5]	[0.4]
[0.33333]	[0.5]	[0.4]
[1.0]	[0.21429]	[0.35295]
[1.0]	[1.0]	[1.0]
[1.0]	[0.6]	[0.75]
[0.66667]	[0.1]	[0.17391]
[1.0]	[1.0]	[1.0]
[1.0]	[1.0]	[1.0]
[1.0]	[1.0]	[1.0]
[0.33333]	[0.5]	[0.4]
[1.0]	[0.15]	[0.26087]
[1.0]	[0.3]	[0.46154]
[0.66667]	[1.0]	[0.8]
[0.66667]	[1.0]	[0.8]
[0.33333]	[0.05556]	[0.09524]
[0.66667]	[1.0]	[0.8]
[0.0]	[0.0]	[0.0]
[1.0]	[1.0]	[1.0]
[1.0]	[1.0]	[1.0]
[0.33333]	[0.5]	[0.4]
[0.33333]	[0.5]	[0.4]
[1.0]	[1.0]	[1.0]
[1.0]	[1.0]	[1.0]
[1.0]	[1.0]	[1.0]
[0.33333]	[0.5]	[0.4]
[1.0]	[1.0]	[1.0]
[0.0]	[0.0]	[0.0]
[0.33333]	[0.04545]	[0.07999]
[1.0]	[1.0]	[1.0]
[0.33333]	[0.5]	[0.4]
[0.33333]	[0.5]	[0.4]
[1.0]	[0.1]	[0.18182]
[1.0]	[0.07407]	[0.13792]
[1.0]	[1.0]	[1.0]
[1.0]	[0.22222]	[0.36363]
[0.5]	[0.01887]	[0.03637]
[0.5]	[0.14286]	[0.22223]
[0.5]	[1.0]	[0.66667]
[0.33333]	[0.09091]	[0.14286]
[1.0]	[1.0]	[1.0]
[1.0]	[1.0]	[1.0]
[1.0]	[0.33333]	[0.5]
[1.0]	[0.28571]	[0.44444]
[1.0]	[1.0]	[1.0]
[0.5]	[0.5]	[0.5]
[0.0]	[0.0]	[0.0]
[1.0]	[1.0]	[1.0]
[1.0]	[0.28571]	[0.44444]
[1.0]	[0.04255]	[0.08163]
[0.45455]	[0.3125]	[0.37037]
[0.33333]	[0.09091]	[0.14286]
[0.0]	[0.0]	[0.0]
[1.0]	[0.5]	[0.66667]
[0.5]	[1.0]	[0.66667]
[1.0]	[0.5]	[0.66667]
[1.0]	[1.0]	[1.0]
[0.5]	[1.0]	[0.66667]
[1.0]	[0.66667]	[0.8]
[1.0]	[1.0]	[1.0]
[1.0]	[1.0]	[1.0]
[1.0]	[1.0]	[1.0]
[0.66667]	[0.13333]	[0.22222]
[0.5]	[1.0]	[0.66667]
[1.0]	[0.5]	[0.66667]
[1.0]	[1.0]	[1.0]
[0.38462]	[0.2439]	[0.29851]
[0.34615]	[0.31034]	[0.32727]
[0.26923]	[0.58333]	[0.36842]
[0.42308]	[0.31429]	[0.36066]
[0.19231]	[0.35714]	[0.25]
[0.19231]	[0.17241]	[0.18182]
[0.46154]	[0.34286]	[0.39345]
[0.33333]	[0.1]	[0.15385]
[0.23077]	[0.4]	[0.29268]
[0.46154]	[0.46154]	[0.46154]
[0.5]	[0.59091]	[0.54167]
[0.42308]	[0.55]	[0.47826]
[0.30769]	[0.4]	[0.34782]
[0.26923]	[0.33333]	[0.29787]
[0.46154]	[0.52174]	[0.4898]
[0.34615]	[0.29032]	[0.31579]
[0.23077]	[0.31579]	[0.26667]
[0.46154]	[0.5]	[0.48]
[0.33333]	[0.08333]	[0.13333]
[0.34615]	[0.5625]	[0.42857]
[0.30769]	[0.53333]	[0.39024]
[0.42308]	[0.32353]	[0.36667]
[0.46154]	[0.5]	[0.48]
[0.34615]	[0.45]	[0.3913]
[0.38462]	[0.41667]	[0.4]
[0.5]	[0.28261]	[0.36111]
[0.26923]	[0.25926]	[0.26415]
[0.26923]	[0.26923]	[0.26923]
[0.42308]	[0.57895]	[0.48889]
[0.33333]	[0.06667]	[0.11112]
[0.34615]	[0.375]	[0.36]
[0.34615]	[0.23684]	[0.28125]
[0.34615]	[0.23684]	[0.28125]
[0.30769]	[0.57143]	[0.4]
[0.5]	[0.44828]	[0.47273]
[0.26923]	[0.28]	[0.27451]
[0.19231]	[0.27778]	[0.22728]
[0.46154]	[0.30769]	[0.36923]
[0.26923]	[0.4375]	[0.33333]
[0.38462]	[0.33333]	[0.35714]
[0.33333]	[0.09091]	[0.14286]
[0.42308]	[0.55]	[0.47826]
[0.30769]	[0.34783]	[0.32653]
[0.34615]	[0.52941]	[0.4186]
[0.34615]	[0.40909]	[0.375]
[0.38462]	[0.45455]	[0.41667]
[0.30769]	[0.20513]	[0.24615]
[0.15385]	[0.23529]	[0.18605]
[0.23077]	[0.24]	[0.23529]
[0.26923]	[0.4375]	[0.33333]
[0.23077]	[0.3]	[0.26087]
[0.33333]	[0.1]	[0.15385]
[0.23077]	[0.21429]	[0.22222]
[0.23077]	[0.26087]	[0.2449]
[0.23077]	[0.22222]	[0.22641]
[0.30769]	[0.36364]	[0.33333]
[0.42308]	[0.45833]	[0.44]
[0.34615]	[0.40909]	[0.375]
[0.38462]	[0.25641]	[0.30769]
[0.30769]	[0.36364]	[0.33333]
[0.26923]	[0.23333]	[0.25]
[0.41667]	[0.17857]	[0.25]
[0.33333]	[0.01667]	[0.03175]
[0.5]	[0.24]	[0.32432]
[0.66667]	[0.25]	[0.36364]
[0.58333]	[0.2]	[0.29787]
[0.08333]	[0.2]	[0.11764]
[0.58333]	[0.28]	[0.37838]
[0.08333]	[0.5]	[0.14285]
[0.16667]	[0.25]	[0.2]
[0.66667]	[0.14545]	[0.2388]
[0.25]	[0.1875]	[0.21429]
[0.33333]	[0.44444]	[0.38095]
[0.75]	[0.75]	[0.75]
[0.08333]	[0.5]	[0.14285]
[0.25]	[0.42857]	[0.31579]
[0.41667]	[0.35714]	[0.38462]
[0.5]	[0.13953]	[0.21818]
[0.16667]	[0.13333]	[0.14815]
[0.16667]	[0.18182]	[0.17392]
[0.33333]	[0.36364]	[0.34783]
[0.08333]	[0.08333]	[0.08333]
[0.08333]	[0.5]	[0.14285]
[0.41667]	[0.18519]	[0.25642]
[0.75]	[1.0]	[0.85714]
[0.58333]	[0.25926]	[0.35897]
[0.5]	[0.23077]	[0.31579]
[0.25]	[0.25]	[0.25]
[0.16667]	[0.14286]	[0.15385]
[0.33333]	[0.1]	[0.15385]
[0.25]	[0.07895]	[0.12]
[0.16667]	[0.06667]	[0.09524]
[0.30769]	[0.16]	[0.21053]
[0.69231]	[0.375]	[0.48649]
[0.30769]	[0.33333]	[0.32]
[0.45455]	[0.15152]	[0.22728]
[0.5]	[0.22222]	[0.30769]
[0.30769]	[0.21053]	[0.25]
[0.38462]	[0.5]	[0.43479]
[0.53846]	[0.53846]	[0.53846]
[0.0]	[0.0]	[0.0]
[0.15385]	[0.22222]	[0.18182]
[0.46154]	[0.6]	[0.52174]
[0.07692]	[0.14286]	[0.1]
[0.38462]	[0.5]	[0.43479]
[0.15385]	[0.4]	[0.22223]
[0.0]	[0.0]	[0.0]
[1.0]	[0.36364]	[0.53334]
[0.0]	[0.0]	[0.0]
[0.30769]	[0.5]	[0.38095]
[0.07692]	[0.14286]	[0.1]
[0.15385]	[0.33333]	[0.21053]
[0.15385]	[0.25]	[0.19048]
[0.53846]	[0.30435]	[0.38889]
[0.23077]	[0.10714]	[0.14634]
[0.23077]	[0.33333]	[0.27273]
[0.07692]	[0.2]	[0.11111]
[0.23077]	[0.75]	[0.35294]
[0.75]	[0.5]	[0.6]
[0.15385]	[0.4]	[0.22223]
[0.46154]	[0.25]	[0.32432]
[0.53846]	[0.38889]	[0.45161]
[0.53846]	[0.7]	[0.60869]
[0.0]	[0.0]	[0.0]
[0.81818]	[0.5]	[0.62069]
[0.54545]	[0.46154]	[0.5]
[0.63636]	[0.58333]	[0.60869]
[0.63636]	[0.53846]	[0.58333]
[0.54545]	[0.33333]	[0.41379]
[0.25]	[0.5]	[0.33333]
[0.18182]	[0.33333]	[0.23529]
[0.27273]	[0.15789]	[0.2]
[0.72727]	[0.88889]	[0.8]
[0.54545]	[0.22222]	[0.31579]
[0.54545]	[0.31579]	[0.4]
[0.45455]	[0.3125]	[0.37037]
[0.27273]	[0.3]	[0.28572]
[0.36364]	[0.33333]	[0.34783]
[0.81818]	[0.52941]	[0.64286]
[0.54545]	[0.17647]	[0.26667]
[0.25]	[0.5]	[0.33333]
[0.45455]	[0.55556]	[0.5]
[0.72727]	[0.53333]	[0.61538]
[0.27273]	[0.42857]	[0.33333]
[0.36364]	[0.28571]	[0.32]
[0.81818]	[1.0]	[0.9]
[0.72727]	[0.28571]	[0.41025]
[0.72727]	[0.61538]	[0.66666]
[0.90909]	[0.66667]	[0.76923]
[0.45455]	[0.55556]	[0.5]
[0.54545]	[0.35294]	[0.42857]
[0.25]	[0.25]	[0.25]
[0.63636]	[0.13462]	[0.22223]
[1.0]	[0.66667]	[0.8]
[1.0]	[0.6]	[0.75]
[0.83333]	[0.83333]	[0.83333]
[1.0]	[0.6]	[0.75]
[1.0]	[0.85714]	[0.92308]
[0.5]	[0.375]	[0.42857]
[0.5]	[0.1875]	[0.27273]
[0.5]	[0.375]	[0.42857]
[0.33333]	[0.07407]	[0.12121]
[1.0]	[1.0]	[1.0]
[1.0]	[0.85714]	[0.92308]
[0.66667]	[0.57143]	[0.61539]
[0.66667]	[0.44444]	[0.53333]
[1.0]	[0.6]	[0.75]
[0.66667]	[0.36364]	[0.47059]
[0.83333]	[0.45455]	[0.58824]
[0.5]	[0.6]	[0.54545]
[0.16667]	[0.2]	[0.18182]
[1.0]	[0.85714]	[0.92308]
[0.83333]	[1.0]	[0.90909]
[0.25]	[1.0]	[0.4]
[0.5]	[0.375]	[0.42857]
[0.83333]	[0.16667]	[0.27778]
[1.0]	[0.46154]	[0.63158]
[0.5]	[0.33333]	[0.4]
[1.0]	[1.0]	[1.0]
[0.5]	[0.27273]	[0.35294]
[0.0]	[0.0]	[0.0]
[0.38095]	[0.66667]	[0.48485]
[0.47619]	[0.66667]	[0.55556]
[0.38095]	[0.88889]	[0.53333]
[0.75]	[0.375]	[0.5]
[0.80952]	[0.73913]	[0.77273]
[0.42857]	[0.69231]	[0.52941]
[0.38095]	[0.61538]	[0.47059]
[0.09524]	[0.5]	[0.16]
[0.47619]	[0.5]	[0.4878]
[0.2381]	[0.71429]	[0.35715]
[0.42857]	[0.9]	[0.58064]
[0.33333]	[0.63636]	[0.4375]
[0.33333]	[0.46667]	[0.38889]
[0.28571]	[0.6]	[0.38709]
[0.5]	[0.66667]	[0.57143]
[0.38095]	[0.61538]	[0.47059]
[0.42857]	[0.9]	[0.58064]
[0.28571]	[0.66667]	[0.4]
[0.28571]	[0.66667]	[0.4]
[0.38095]	[0.88889]	[0.53333]
[0.38095]	[1.0]	[0.55172]
[0.38095]	[0.88889]	[0.53333]
[0.28571]	[0.33333]	[0.30769]
[0.38095]	[0.53333]	[0.44444]
[0.04762]	[0.2]	[0.07692]
