Recall,Precision,F-measure,Gold Std marks
0.36364,0.11765,0.17778,3.5
0.72727,0.19512,0.30769,5.0
0.90909,0.55556,0.68966,4.0
0.81818,0.225,0.35294,5.0
0.54545,0.15789,0.24489,3.0
0.09091,0.08333,0.08696,2.0
0.36364,0.12121,0.18182,2.5
0.45455,0.3125,0.37037,5.0
0.45455,0.15152,0.22728,3.5
0.81818,0.75,0.78261,5.0
0.72727,0.61538,0.66666,5.0
0.81818,0.69231,0.75,5.0
0.27273,0.1875,0.22222,2.0
0.36364,0.44444,0.4,4.5
0.09091,0.05263,0.06667,2.0
0.54545,0.14634,0.23077,4.5
0.81818,0.75,0.78261,5.0
0.36364,0.22222,0.27586,2.0
0.27273,0.21429,0.24,2.0
0.45455,0.13514,0.20834,2.5
0.81818,0.81818,0.81818,5.0
0.81818,0.81818,0.81818,5.0
0.18182,0.14286,0.16,1.5
0.45455,0.29412,0.35715,2.5
0.81818,0.81818,0.81818,5.0
0.36364,0.21053,0.26667,2.0
0.45455,0.2,0.27778,3.0
0.27273,0.2,0.23077,3.0
0.36364,0.06061,0.1039,2.5
0.5,0.15789,0.23999,3.5
0.27778,0.55556,0.37037,4.0
0.5,0.64286,0.5625,4.5
0.61111,0.21569,0.31884,3.0
0.44444,0.61538,0.51612,3.0
0.11111,0.22222,0.14815,2.0
0.05556,0.33333,0.09524,3.5
0.16667,1.0,0.28572,4.0
0.0,0.0,0.0,2.0
0.16667,1.0,0.28572,5.0
0.33333,0.46154,0.3871,2.5
0.33333,0.6,0.42857,3.5
0.0,0.0,0.0,2.0
0.05556,1.0,0.10527,3.0
0.38889,0.26923,0.31818,1.5
0.55556,0.28571,0.37736,5.0
0.16667,0.6,0.26087,3.5
0.16667,0.11538,0.13636,1.5
0.05556,0.25,0.09092,2.5
0.38889,0.23333,0.29166,1.5
0.11111,0.5,0.18182,3.0
0.16667,1.0,0.28572,5.0
0.05556,0.33333,0.09524,3.5
0.11111,0.16667,0.13333,1.0
0.0,0.0,0.0,2.5
0.27778,0.71429,0.4,3.5
0.11111,0.08696,0.09756,2.0
0.05556,1.0,0.10527,3.0
0.38889,0.20588,0.26923,1.5
0.33333,0.01087,0.02105,4.5
0.33333,0.01429,0.02741,5.0
0.33333,0.04762,0.08333,3.5
0.33333,0.02381,0.04445,2.5
0.33333,0.05882,0.09999,3.5
0.33333,0.02941,0.05405,1.0
0.33333,0.07692,0.125,4.0
0.33333,0.04762,0.08333,2.5
0.33333,0.25,0.28571,3.0
0.33333,0.16667,0.22222,4.0
0.33333,0.01515,0.02898,5.0
0.33333,0.08333,0.13333,3.5
0.0,0.0,0.0,2.0
0.0,0.0,0.0,3.5
0.66667,0.125,0.21053,4.5
0.66667,0.01709,0.03333,5.0
0.66667,0.07143,0.12903,4.5
0.66667,0.1,0.17391,3.5
0.0,0.0,0.0,4.0
0.33333,0.04545,0.07999,4.5
0.33333,0.09091,0.14286,3.5
0.33333,0.09091,0.14286,3.5
0.66667,0.13333,0.22222,5.0
0.33333,0.1,0.15385,4.0
0.33333,0.08333,0.13333,3.5
0.33333,0.06667,0.11112,3.5
0.33333,0.09091,0.14286,3.5
0.33333,0.1,0.15385,3.5
0.33333,0.01667,0.03175,3.5
0.75,0.75,0.75,5.0
0.75,1.0,0.85714,5.0
0.5,0.22222,0.30769,5.0
1.0,0.36364,0.53334,5.0
0.75,0.5,0.6,5.0
0.25,0.5,0.33333,5.0
0.25,0.5,0.33333,5.0
0.25,0.25,0.25,0.0
1.0,1.0,1.0,5.0
0.25,1.0,0.4,5.0
0.75,0.375,0.5,5.0
0.5,0.66667,0.57143,5.0
0.5,0.66667,0.57143,2.5
0.75,0.75,0.75,5.0
0.5,0.33333,0.4,5.0
0.75,0.75,0.75,5.0
1.0,1.0,1.0,5.0
0.75,1.0,0.85714,5.0
0.75,1.0,0.85714,5.0
0.5,0.14286,0.22223,5.0
0.5,1.0,0.66667,5.0
0.25,1.0,0.4,5.0
1.0,0.5,0.66667,5.0
0.5,1.0,0.66667,5.0
0.5,0.33333,0.4,5.0
0.75,0.6,0.66667,5.0
1.0,0.5,0.66667,5.0
0.75,0.75,0.75,5.0
0.75,0.75,0.75,5.0
0.44444,0.36364,0.4,2.0
0.55556,0.15625,0.2439,4.5
0.88889,0.61538,0.72727,5.0
1.0,0.40909,0.58064,5.0
0.88889,0.24242,0.38095,5.0
0.55556,0.45455,0.5,3.5
0.55556,0.15152,0.2381,4.0
0.88889,0.4,0.55172,5.0
0.55556,0.625,0.58824,4.0
0.44444,0.36364,0.4,5.0
0.77778,0.36842,0.5,5.0
0.77778,0.77778,0.77778,5.0
0.55556,0.41667,0.47619,3.0
0.55556,0.71429,0.625,4.0
0.55556,0.18519,0.27778,5.0
0.77778,0.18421,0.29787,5.0
0.55556,0.27778,0.37037,4.0
0.44444,0.08163,0.13793,4.5
0.33333,0.42857,0.375,4.5
0.33333,0.2,0.25,4.5
0.77778,0.58333,0.66667,3.5
0.77778,0.77778,0.77778,5.0
0.22222,0.22222,0.22222,3.5
0.77778,0.77778,0.77778,5.0
0.77778,0.63636,0.7,5.0
0.88889,0.38095,0.53333,5.0
0.88889,0.4,0.55172,5.0
0.66667,0.54545,0.6,5.0
0.88889,0.20513,0.33334,5.0
0.34783,0.26667,0.30189,2.0
0.17391,0.5,0.25806,3.0
0.65217,0.42857,0.51724,5.0
0.3913,0.5,0.43902,4.5
0.30435,0.41176,0.35,4.0
0.26087,0.3,0.27907,2.5
0.56522,0.30233,0.39394,5.0
0.3913,0.6,0.47368,5.0
0.13043,0.5,0.20689,2.0
0.17391,0.30769,0.22222,4.5
0.3913,0.375,0.38298,3.0
0.08696,0.66667,0.15385,2.5
0.04348,0.33333,0.07693,1.5
0.65217,0.40541,0.5,5.0
0.17391,0.30769,0.22222,2.5
0.52174,0.41379,0.46154,3.5
0.13043,0.27273,0.17647,2.0
0.26087,0.15,0.19048,2.5
0.13043,0.375,0.19354,1.0
0.26087,0.33333,0.29268,3.0
0.04348,0.25,0.07408,2.0
0.17391,0.44444,0.25,3.5
0.21739,0.625,0.32258,2.5
0.34783,0.53333,0.42105,5.0
0.34783,0.53333,0.42105,4.0
0.43478,0.33333,0.37736,4.0
0.26087,0.4,0.31579,2.0
0.13043,0.17647,0.15,4.5
0.73913,0.27869,0.40476,4.5
0.41667,0.13889,0.20833,4.5
0.75,0.16981,0.27692,5.0
0.58333,0.20588,0.30434,5.0
0.75,0.12857,0.21951,5.0
0.75,0.21429,0.33334,5.0
0.58333,0.21875,0.31818,5.0
0.58333,0.17073,0.26415,5.0
0.5,0.28571,0.36363,5.0
0.66667,0.23529,0.34782,5.0
0.75,0.17308,0.28125,5.0
0.75,0.225,0.34615,5.0
0.58333,0.7,0.63636,4.5
0.58333,0.25926,0.35897,5.0
0.5,0.4,0.44444,4.0
0.25,0.21429,0.23077,5.0
0.83333,0.34483,0.48781,5.0
0.83333,0.28571,0.42553,5.0
0.5,0.3,0.375,5.0
0.5,0.27273,0.35294,5.0
0.41667,0.25,0.3125,3.5
0.41667,0.625,0.5,3.5
0.58333,0.18421,0.28,5.0
0.83333,0.35714,0.5,5.0
0.33333,0.14286,0.2,5.0
0.58333,0.12963,0.21212,5.0
0.0,0.0,0.0,0.0
0.5,0.31579,0.3871,5.0
0.83333,0.21277,0.33899,5.0
0.58333,0.10448,0.17722,5.0
0.16667,0.02632,0.04546,2.0
0.16667,0.04762,0.07408,4.0
0.83333,0.35714,0.5,5.0
0.66667,0.08511,0.15095,5.0
0.33333,0.5,0.4,2.0
0.0,0.0,0.0,3.0
0.83333,1.0,0.90909,5.0
0.66667,0.36364,0.47059,5.0
0.83333,1.0,0.90909,5.0
0.33333,1.0,0.5,3.5
0.83333,0.55556,0.66667,5.0
0.33333,0.11765,0.17392,4.5
0.16667,0.05,0.07692,3.5
0.16667,0.14286,0.15385,3.0
0.83333,0.17241,0.28571,5.0
0.33333,0.5,0.4,4.5
0.33333,0.09091,0.14286,4.5
0.83333,1.0,0.90909,5.0
0.16667,0.06667,0.09524,2.5
0.66667,0.8,0.72727,5.0
0.83333,1.0,0.90909,5.0
0.83333,1.0,0.90909,5.0
0.5,0.23077,0.31579,3.5
0.66667,0.26667,0.38096,4.5
0.16667,0.125,0.14286,2.0
0.83333,1.0,0.90909,5.0
0.5,1.0,0.66667,4.5
0.66667,0.44444,0.53333,5.0
0.16667,0.14286,0.15385,5.0
0.5,0.15,0.23077,4.5
0.30769,0.4,0.34782,3.0
0.19231,0.19231,0.19231,2.5
0.46154,0.36364,0.40678,4.5
0.38462,0.25641,0.30769,4.5
0.53846,0.36842,0.4375,5.0
0.53846,0.35,0.42424,4.5
0.26923,0.53846,0.35897,3.5
0.46154,0.36364,0.40678,4.5
0.46154,0.5,0.48,4.0
0.34615,0.31034,0.32727,4.0
0.42308,0.64706,0.51163,4.5
0.65385,0.73913,0.69388,5.0
0.15385,0.36364,0.21622,4.5
0.5,0.22034,0.30588,2.0
0.46154,0.28571,0.35294,3.5
0.46154,0.5,0.48,5.0
0.23077,0.33333,0.27273,4.5
0.53846,0.4375,0.48276,4.5
0.46154,0.44444,0.45283,5.0
0.57692,0.48387,0.52631,4.5
0.38462,0.66667,0.48781,4.0
0.42308,0.26829,0.32836,5.0
0.30769,0.42105,0.35555,2.0
0.38462,0.41667,0.4,5.0
0.46154,0.48,0.47059,5.0
0.34615,0.27273,0.30508,4.5
0.19231,0.625,0.29412,4.5
0.53846,0.82353,0.65116,4.5
0.53846,0.45161,0.49123,5.0
0.53846,0.26415,0.35443,4.0
0.25806,0.25,0.25397,2.5
0.32258,0.18182,0.23256,3.0
0.32258,0.30303,0.3125,5.0
0.22581,0.24138,0.23334,4.5
0.19355,0.375,0.25532,4.0
0.29032,0.21951,0.25,3.0
0.25806,0.61538,0.36363,3.5
0.32258,0.4,0.35714,4.0
0.41935,0.59091,0.49056,4.0
0.19355,0.42857,0.26667,4.0
0.32258,0.625,0.42553,3.5
0.16129,0.22727,0.18868,2.5
0.06452,0.14286,0.08889,3.5
0.25806,0.36364,0.30188,4.0
0.51613,0.34043,0.41026,3.0
0.19355,0.375,0.25532,4.0
0.25806,0.53333,0.34782,3.5
0.16129,0.71429,0.26316,4.0
0.12903,0.28571,0.17777,3.0
0.06452,0.5,0.11429,4.0
0.12903,0.30769,0.18182,2.5
0.51613,0.33333,0.40506,5.0
0.32258,0.3125,0.31746,4.0
0.25806,0.42105,0.32,3.0
0.25806,0.57143,0.35555,4.0
0.54839,0.45946,0.5,5.0
0.22581,0.58333,0.32558,2.5
0.12903,0.28571,0.17777,2.5
0.32258,0.625,0.42553,3.5
0.3871,0.2449,0.3,4.0
0.37037,0.625,0.46512,5.0
0.03704,0.5,0.06897,3.5
0.22222,0.66667,0.33333,5.0
0.22222,0.5,0.30769,3.0
0.22222,0.66667,0.33333,5.0
0.03704,0.16667,0.06061,1.5
0.22222,0.6,0.32432,5.0
0.07407,0.4,0.12499,3.5
0.33333,0.75,0.46154,5.0
0.18519,0.5,0.27028,5.0
0.07407,0.28571,0.11764,1.0
0.0,0.0,0.0,5.0
0.03704,0.25,0.06452,5.0
0.25926,0.58333,0.35897,5.0
0.2963,0.44444,0.35556,5.0
0.2963,0.57143,0.39025,5.0
0.18519,0.41667,0.25642,5.0
0.11111,0.3,0.16216,5.0
0.11111,0.5,0.18182,5.0
0.40741,0.84615,0.55,5.0
0.11111,0.375,0.17143,5.0
0.22222,0.66667,0.33333,5.0
0.37037,0.83333,0.51282,5.0
0.22222,0.66667,0.33333,5.0
0.2963,0.61538,0.4,5.0
0.18519,0.55556,0.27778,5.0
0.11111,0.5,0.18182,5.0
0.22222,0.66667,0.33333,5.0
0.03704,0.16667,0.06061,5.0
0.51852,0.42424,0.46667,5.0
0.0,0.0,0.0,0.0
0.0,0.0,0.0,5.0
0.5,0.05263,0.09524,5.0
0.0,0.0,0.0,1.5
0.0,0.0,0.0,5.0
0.0,0.0,0.0,0.0
0.5,0.25,0.33333,5.0
0.0,0.0,0.0,0.0
0.0,0.0,0.0,5.0
0.0,0.0,0.0,5.0
0.0,0.0,0.0,5.0
0.0,0.0,0.0,5.0
0.0,0.0,0.0,5.0
0.0,0.0,0.0,5.0
0.5,0.01887,0.03637,5.0
0.5,0.07692,0.13333,2.5
0.5,0.09091,0.15385,5.0
0.0,0.0,0.0,5.0
0.0,0.0,0.0,5.0
0.0,0.0,0.0,4.5
0.0,0.0,0.0,0.0
0.0,0.0,0.0,0.0
0.0,0.0,0.0,5.0
0.5,0.09091,0.15385,1.5
0.0,0.0,0.0,0.0
0.0,0.0,0.0,5.0
0.0,0.0,0.0,5.0
0.0,0.0,0.0,0.0
0.0,0.0,0.0,5.0
0.0,0.0,0.0,5.0
0.16129,0.13514,0.14706,4.0
0.67742,0.12139,0.20589,2.5
0.58065,0.66667,0.62069,5.0
0.22581,0.31818,0.26415,3.0
0.51613,0.61538,0.5614,5.0
0.41935,0.5,0.45614,4.5
0.25806,0.47059,0.33333,4.5
0.41935,0.43333,0.42623,4.5
0.41935,0.40625,0.4127,4.0
0.16129,0.29412,0.20833,4.5
0.22581,0.31818,0.26415,2.0
0.25806,0.38095,0.30769,3.0
0.19355,0.46154,0.27273,3.0
0.6129,0.54286,0.57576,5.0
0.58065,0.43902,0.5,5.0
0.45161,0.37838,0.41176,3.5
0.35484,0.39286,0.37288,4.5
0.3871,0.48,0.42857,4.5
0.25806,0.42105,0.32,3.5
0.58065,0.69231,0.63158,5.0
0.29032,0.6,0.3913,4.0
0.09677,0.375,0.15384,4.5
0.32258,0.47619,0.38461,4.5
0.45161,0.66667,0.53846,4.0
0.22581,0.41176,0.29167,3.5
0.64516,0.57143,0.60606,5.0
0.35484,0.47826,0.40741,4.5
0.22581,0.29167,0.25455,4.5
0.45161,0.48276,0.46667,5.0
0.19355,0.3,0.2353,4.5
0.25,0.13636,0.17647,4.5
0.08333,0.0625,0.07143,3.0
0.25,0.15789,0.19354,3.5
0.0,0.0,0.0,0.0
0.16667,0.0625,0.09091,3.5
0.58333,0.31818,0.41176,4.5
0.33333,0.13333,0.19047,4.5
0.25,0.42857,0.31579,3.5
0.16667,0.14286,0.15385,4.0
0.25,0.16667,0.2,1.5
0.25,0.23077,0.24,2.5
0.25,0.375,0.3,3.0
0.25,0.33333,0.28571,3.0
0.33333,0.09756,0.15094,1.5
0.16667,0.08696,0.11429,4.0
0.58333,0.41176,0.48275,5.0
0.25,0.075,0.11538,3.5
0.08333,0.1,0.09091,3.0
0.33333,0.16,0.21622,3.5
0.08333,0.07143,0.07692,2.5
0.33333,0.22222,0.26666,3.5
0.16667,0.18182,0.17392,3.5
0.41667,0.35714,0.38462,4.0
0.0,0.0,0.0,3.0
0.16667,0.22222,0.19048,3.0
0.16667,0.22222,0.19048,3.5
0.16667,0.5,0.25,3.0
0.08333,0.2,0.11764,3.0
0.41667,0.5,0.45455,4.5
0.0,0.0,0.0,1.0
0.90909,0.38462,0.54054,4.5
0.54545,0.3,0.3871,3.0
0.90909,0.66667,0.76923,5.0
0.63636,0.24138,0.35,4.5
0.81818,0.69231,0.75,5.0
0.27273,0.375,0.31579,4.5
0.45455,0.27778,0.34483,5.0
0.27273,0.6,0.375,3.0
0.81818,0.47368,0.6,5.0
0.72727,0.72727,0.72727,5.0
0.81818,0.81818,0.81818,5.0
0.81818,0.75,0.78261,5.0
0.90909,0.5,0.64516,5.0
0.27273,0.5,0.35294,3.0
0.63636,0.63636,0.63636,5.0
0.81818,0.5,0.62069,5.0
0.27273,0.3,0.28572,2.0
0.27273,0.6,0.375,5.0
1.0,0.5,0.66667,5.0
0.81818,0.81818,0.81818,5.0
0.81818,0.6,0.69231,5.0
0.36364,0.30769,0.33333,3.0
0.81818,0.81818,0.81818,5.0
0.45455,0.83333,0.58824,5.0
0.81818,0.81818,0.81818,5.0
0.90909,0.52632,0.66667,5.0
0.63636,0.875,0.73684,5.0
0.45455,1.0,0.625,5.0
0.54545,0.85714,0.66666,5.0
0.36364,0.5,0.42106,3.0
0.90909,0.33333,0.4878,5.0
1.0,0.06061,0.11429,5.0
0.5,0.11111,0.18182,2.5
1.0,0.4,0.57143,5.0
1.0,0.04348,0.08334,2.5
1.0,0.09524,0.17392,5.0
0.5,0.04762,0.08696,4.0
0.5,0.03704,0.06897,5.0
0.0,0.0,0.0,3.0
1.0,0.13333,0.23529,5.0
0.0,0.0,0.0,4.5
1.0,0.22222,0.36363,5.0
1.0,1.0,1.0,5.0
0.0,0.0,0.0,4.5
0.0,0.0,0.0,3.0
1.0,0.2,0.33333,5.0
1.0,0.33333,0.5,5.0
0.0,0.0,0.0,4.5
0.0,0.0,0.0,4.5
0.5,0.0625,0.11111,5.0
0.0,0.0,0.0,4.5
1.0,0.33333,0.5,5.0
0.0,0.0,0.0,4.5
0.0,0.0,0.0,4.5
0.0,0.0,0.0,4.5
0.5,0.2,0.28571,5.0
0.0,0.0,0.0,4.5
0.0,0.0,0.0,4.5
1.0,1.0,1.0,5.0
0.5,0.0625,0.11111,5.0
0.5,0.11111,0.18182,4.5
0.0,0.0,0.0,4.5
0.47059,0.25806,0.33333,4.5
0.41176,0.12727,0.19444,4.5
0.47059,0.22857,0.30769,5.0
0.11765,0.11765,0.11765,3.0
0.64706,0.33333,0.44,5.0
0.29412,0.17857,0.22222,2.0
0.35294,0.375,0.36364,4.0
0.29412,0.41667,0.34483,3.5
0.41176,0.5,0.45161,5.0
0.41176,0.36842,0.38889,5.0
0.11765,0.11765,0.11765,3.0
0.11765,0.14286,0.12904,3.0
0.41176,0.26923,0.32558,4.5
0.17647,0.42857,0.25,2.0
0.23529,0.4,0.29629,5.0
0.76471,0.40625,0.53061,5.0
0.52941,0.64286,0.58065,5.0
0.0,0.0,0.0,0.0
0.47059,0.5,0.48485,4.5
0.76471,0.48148,0.59091,5.0
0.11765,0.11765,0.11765,2.0
0.41176,0.5,0.45161,4.5
0.0,0.0,0.0,2.5
0.41176,0.58333,0.48275,3.5
0.41176,0.36842,0.38889,5.0
0.64706,0.61111,0.62857,5.0
0.58824,0.41667,0.48781,5.0
0.11765,0.33333,0.17392,4.0
0.70588,0.8,0.75,5.0
0.35294,0.375,0.36364,5.0
0.41176,0.12727,0.19444,4.5
0.45455,0.2381,0.31251,5.0
0.0,0.0,0.0,4.5
0.36364,0.25,0.2963,5.0
0.36364,0.10526,0.16326,5.0
0.45455,0.21739,0.29412,5.0
0.09091,0.07692,0.08333,3.0
0.27273,0.375,0.31579,4.5
0.18182,0.16667,0.17392,5.0
0.45455,0.5,0.47619,5.0
0.18182,0.14286,0.16,3.5
0.27273,0.21429,0.24,3.5
0.27273,0.2,0.23077,3.5
0.18182,0.08,0.11111,3.0
0.18182,0.22222,0.2,5.0
0.36364,0.25,0.2963,5.0
0.45455,0.11628,0.18519,5.0
0.18182,0.14286,0.16,3.5
0.0,0.0,0.0,3.5
0.18182,0.15385,0.16667,3.0
0.18182,0.15385,0.16667,3.5
0.27273,0.1875,0.22222,3.0
0.18182,0.18182,0.18182,3.5
0.36364,0.18182,0.24243,5.0
0.45455,0.22727,0.30303,4.0
0.09091,0.1,0.09524,3.5
0.45455,0.21739,0.29412,5.0
0.18182,0.18182,0.18182,4.0
0.0,0.0,0.0,3.5
0.0,0.0,0.0,3.5
0.45455,0.17241,0.25,5.0
0.27273,0.075,0.11765,3.0
0.38462,0.5,0.43479,5.0
0.23077,0.375,0.28571,3.0
0.46154,0.35294,0.4,5.0
0.34615,0.26471,0.3,5.0
0.34615,0.47368,0.4,5.0
0.03846,0.1,0.05555,3.0
0.30769,0.42105,0.35555,5.0
0.11538,0.25,0.15789,3.0
0.11538,0.25,0.15789,5.0
0.07692,0.66667,0.13793,5.0
0.23077,0.46154,0.30769,5.0
0.30769,0.44444,0.36363,5.0
0.0,0.0,0.0,0.0
0.03846,0.09091,0.05405,3.0
0.07692,0.28571,0.12121,4.5
0.34615,0.45,0.3913,5.0
0.07692,0.15385,0.10256,3.0
0.07692,0.66667,0.13793,5.0
0.03846,0.14286,0.0606,5.0
0.07692,0.5,0.13333,5.0
0.03846,0.125,0.05882,3.5
0.11538,0.21429,0.15,5.0
0.15385,0.28571,0.2,5.0
0.19231,0.625,0.29412,5.0
0.03846,0.11111,0.05714,5.0
0.30769,0.44444,0.36363,5.0
0.0,0.0,0.0,4.5
0.11538,0.27273,0.16216,5.0
0.03846,0.14286,0.0606,5.0
0.03846,0.14286,0.0606,4.0
0.42308,0.16923,0.24176,3.0
0.46667,0.17073,0.25,5.0
0.06667,0.1,0.08,2.5
0.66667,0.38462,0.48781,5.0
0.8,0.30769,0.44444,5.0
0.6,0.34615,0.43902,5.0
0.2,0.3,0.24,4.0
0.4,0.23077,0.29268,5.0
0.06667,0.16667,0.09524,4.5
0.53333,0.33333,0.41025,5.0
0.53333,0.8,0.64,5.0
0.33333,0.45455,0.38461,4.5
0.66667,0.45455,0.54054,5.0
0.33333,0.55556,0.41667,4.0
0.46667,0.5,0.48276,5.0
0.53333,0.36364,0.43243,5.0
0.6,0.2,0.3,5.0
0.4,0.35294,0.375,5.0
0.13333,0.13333,0.13333,3.5
0.46667,0.41176,0.4375,4.5
0.33333,0.22727,0.27027,3.5
0.6,0.375,0.46154,5.0
0.46667,0.36842,0.41177,5.0
0.6,0.42857,0.5,5.0
0.73333,0.64706,0.6875,4.5
0.4,0.33333,0.36363,5.0
0.46667,0.63636,0.53846,5.0
0.46667,0.33333,0.38889,5.0
0.13333,0.18182,0.15384,5.0
0.26667,0.44444,0.33333,5.0
0.33333,0.41667,0.37037,5.0
0.2,0.06977,0.10345,3.0
0.71429,0.5,0.58824,5.0
0.07143,0.03448,0.04651,2.0
0.5,0.38889,0.4375,5.0
0.64286,0.11842,0.2,5.0
0.64286,0.34615,0.45,5.0
0.5,0.30435,0.37838,5.0
0.21429,0.14286,0.17143,4.0
0.07143,0.11111,0.08696,3.0
0.28571,0.44444,0.34782,4.5
0.21429,0.1875,0.2,3.5
0.71429,0.43478,0.54054,5.0
0.71429,0.43478,0.54054,5.0
0.0,0.0,0.0,0.0
0.07143,0.11111,0.08696,3.0
0.35714,0.19231,0.25,3.5
0.64286,0.12857,0.21428,5.0
0.35714,0.35714,0.35714,5.0
0.07143,0.125,0.09091,2.0
0.57143,0.33333,0.42105,5.0
0.28571,0.36364,0.32,5.0
0.71429,0.43478,0.54054,5.0
0.57143,0.34783,0.43244,5.0
0.71429,0.37037,0.48781,5.0
0.57143,0.42105,0.48485,5.0
0.64286,0.29032,0.4,5.0
0.71429,0.45455,0.55556,5.0
0.14286,0.0625,0.08696,3.5
0.5,0.5,0.5,5.0
0.28571,0.57143,0.38095,5.0
0.14286,0.11765,0.12904,3.0
0.14286,0.04255,0.06557,3.5
0.3,0.15789,0.20689,4.0
0.5,0.12821,0.20409,4.0
0.9,0.40909,0.5625,5.0
0.3,0.27273,0.28572,3.0
0.8,0.17391,0.28571,5.0
0.6,0.375,0.46154,5.0
0.4,0.15385,0.22223,5.0
0.0,0.0,0.0,2.5
0.3,0.23077,0.26087,4.0
0.8,0.17391,0.28571,5.0
0.2,0.13333,0.16,3.5
0.1,0.2,0.13333,4.0
0.2,0.16667,0.18182,4.5
0.0,0.0,0.0,2.5
0.5,0.5,0.5,5.0
0.8,0.16,0.26667,5.0
0.7,0.10769,0.18666,4.5
0.2,0.06452,0.09757,5.0
0.5,0.18519,0.27028,5.0
0.6,0.375,0.46154,5.0
0.7,0.77778,0.73684,5.0
0.6,0.3,0.4,4.0
0.0,0.0,0.0,3.0
0.5,0.20833,0.29411,5.0
0.1,0.03704,0.05406,4.5
0.5,0.25,0.33333,5.0
0.4,0.2,0.26667,5.0
0.6,0.5,0.54545,5.0
0.5,0.14286,0.22223,5.0
0.4,0.125,0.19048,4.0
0.31579,0.2069,0.25,2.5
0.68421,0.23214,0.34666,3.0
0.68421,0.31707,0.43333,5.0
0.47368,0.33333,0.3913,5.0
0.47368,0.42857,0.45,2.5
0.36842,0.20588,0.26415,2.0
0.57895,0.28947,0.38596,3.5
0.31579,0.22222,0.26087,4.0
0.68421,0.41935,0.52,3.5
0.57895,0.15714,0.24719,5.0
0.68421,0.46429,0.55319,5.0
0.31579,0.33333,0.32432,3.0
0.31579,0.31579,0.31579,4.0
0.42105,0.38095,0.4,3.5
0.31579,0.5,0.3871,4.0
0.73684,0.51852,0.6087,5.0
0.47368,0.24324,0.32142,3.0
0.36842,0.4375,0.4,4.0
0.21053,0.19048,0.2,2.0
0.21053,0.23529,0.22222,5.0
0.21053,0.36364,0.26667,2.5
0.42105,0.42105,0.42105,4.0
0.36842,0.31818,0.34146,3.5
0.52632,0.29412,0.37736,3.5
0.31579,0.35294,0.33333,1.5
0.52632,0.55556,0.54054,5.0
0.52632,0.41667,0.46512,4.0
0.31579,0.375,0.34286,2.5
0.42105,0.44444,0.43243,3.5
0.63158,0.14118,0.23077,2.5
1.0,0.66667,0.8,5.0
0.5,0.11111,0.18182,4.5
1.0,0.28571,0.44444,5.0
1.0,0.07692,0.14285,5.0
1.0,0.4,0.57143,5.0
0.0,0.0,0.0,4.0
0.5,0.01667,0.03226,3.5
0.0,0.0,0.0,3.5
1.0,1.0,1.0,5.0
0.0,0.0,0.0,4.0
1.0,0.04651,0.08889,5.0
1.0,0.4,0.57143,5.0
0.0,0.0,0.0,3.0
0.0,0.0,0.0,3.0
1.0,1.0,1.0,5.0
1.0,0.02247,0.04395,5.0
0.5,0.05,0.09091,2.0
1.0,0.11765,0.21053,5.0
0.0,0.0,0.0,4.0
0.5,0.07692,0.13333,5.0
0.0,0.0,0.0,4.0
1.0,0.05128,0.09756,5.0
1.0,0.66667,0.8,5.0
1.0,1.0,1.0,5.0
1.0,1.0,1.0,5.0
0.5,0.5,0.5,5.0
0.0,0.0,0.0,4.0
1.0,1.0,1.0,5.0
1.0,1.0,1.0,5.0
0.0,0.0,0.0,2.5
0.46667,0.24138,0.31818,5.0
0.13333,0.21053,0.16326,4.0
0.4,0.48,0.43636,5.0
0.53333,0.31373,0.39506,4.0
0.26667,0.66667,0.38096,4.0
0.26667,0.33333,0.2963,5.0
0.36667,0.39286,0.37931,4.5
0.13333,0.19048,0.15686,3.0
0.33333,0.58824,0.42553,5.0
0.76667,0.38333,0.51111,5.0
0.1,0.16667,0.125,4.5
0.2,0.25,0.22222,4.5
0.03333,0.25,0.05882,3.0
0.23333,0.26923,0.25,4.0
0.03333,0.05556,0.04167,3.0
0.4,0.24,0.3,5.0
0.36667,0.31429,0.33847,3.0
0.2,0.35294,0.25532,5.0
0.53333,0.55172,0.54237,5.0
0.26667,0.34783,0.30189,5.0
0.53333,0.45714,0.4923,5.0
0.23333,0.7,0.35,4.5
0.23333,0.7,0.35,3.5
0.36667,0.44,0.4,5.0
0.0,0.0,0.0,0.0
0.43333,0.36111,0.39394,5.0
0.13333,0.44444,0.20512,3.0
0.2,0.85714,0.32432,5.0
0.43333,0.325,0.37143,5.0
0.26667,0.25806,0.26229,3.0
0.0,0.0,0.0,2.5
0.14286,0.33333,0.2,3.5
0.71429,0.3125,0.43478,5.0
0.14286,0.05556,0.08001,3.5
0.57143,0.25,0.34783,5.0
0.42857,0.75,0.54545,5.0
0.42857,0.42857,0.42857,3.5
0.42857,0.5,0.46154,2.0
0.14286,0.09091,0.11111,4.0
0.57143,0.07547,0.13333,4.5
0.57143,0.16667,0.25807,4.5
0.42857,0.6,0.5,5.0
0.0,0.0,0.0,2.5
0.71429,0.29412,0.41667,5.0
0.14286,0.06667,0.09091,2.0
1.0,0.13208,0.23334,5.0
0.14286,0.08333,0.10526,3.5
0.42857,0.07692,0.13043,3.0
0.14286,0.16667,0.15385,2.0
0.57143,0.28571,0.38095,5.0
0.71429,0.83333,0.76923,5.0
0.57143,0.8,0.66667,5.0
0.42857,0.15,0.22222,3.0
0.57143,0.4,0.47059,4.5
0.0,0.0,0.0,0.0
0.14286,1.0,0.25,2.0
0.71429,0.71429,0.71429,5.0
0.0,0.0,0.0,2.5
0.28571,0.25,0.26666,4.5
0.28571,0.125,0.17391,3.5
0.33333,0.5,0.4,1.0
0.33333,0.5,0.4,1.0
1.0,0.21429,0.35295,5.0
1.0,1.0,1.0,5.0
1.0,0.6,0.75,5.0
1.0,1.0,1.0,5.0
1.0,1.0,1.0,5.0
1.0,1.0,1.0,5.0
0.33333,0.5,0.4,1.0
1.0,0.15,0.26087,5.0
1.0,0.3,0.46154,5.0
0.66667,1.0,0.8,5.0
0.66667,1.0,0.8,5.0
0.33333,0.05556,0.09524,1.0
0.66667,1.0,0.8,5.0
1.0,1.0,1.0,5.0
1.0,1.0,1.0,5.0
0.33333,0.5,0.4,5.0
0.33333,0.5,0.4,1.0
1.0,1.0,1.0,5.0
1.0,1.0,1.0,5.0
1.0,1.0,1.0,5.0
0.33333,0.5,0.4,1.0
1.0,1.0,1.0,5.0
0.0,0.0,0.0,0.0
1.0,1.0,1.0,5.0
0.33333,0.5,0.4,1.0
0.33333,0.5,0.4,1.0
1.0,0.1,0.18182,5.0
1.0,0.5,0.66667,5.0
1.0,0.07407,0.13792,2.5
1.0,1.0,1.0,5.0
1.0,0.22222,0.36363,5.0
0.5,0.01887,0.03637,4.5
0.5,0.14286,0.22223,5.0
0.5,1.0,0.66667,5.0
1.0,1.0,1.0,5.0
1.0,1.0,1.0,5.0
1.0,0.33333,0.5,4.0
1.0,0.28571,0.44444,5.0
1.0,1.0,1.0,5.0
0.5,0.5,0.5,1.0
0.0,0.0,0.0,1.0
1.0,1.0,1.0,5.0
1.0,0.28571,0.44444,5.0
1.0,0.04255,0.08163,5.0
0.0,0.0,0.0,2.5
1.0,0.5,0.66667,4.5
0.5,1.0,0.66667,5.0
1.0,0.5,0.66667,5.0
1.0,1.0,1.0,5.0
0.5,1.0,0.66667,5.0
1.0,0.66667,0.8,5.0
1.0,1.0,1.0,5.0
1.0,1.0,1.0,5.0
1.0,1.0,1.0,5.0
0.5,1.0,0.66667,5.0
1.0,0.5,0.66667,2.5
1.0,1.0,1.0,5.0
0.0,0.0,0.0,1.0
0.38462,0.2439,0.29851,3.0
0.34615,0.31034,0.32727,5.0
0.26923,0.58333,0.36842,3.5
0.42308,0.31429,0.36066,5.0
0.19231,0.35714,0.25,2.0
0.19231,0.17241,0.18182,5.0
0.46154,0.34286,0.39345,4.5
0.23077,0.4,0.29268,4.5
0.46154,0.46154,0.46154,5.0
0.5,0.59091,0.54167,5.0
0.42308,0.55,0.47826,5.0
0.30769,0.4,0.34782,3.0
0.26923,0.33333,0.29787,3.0
0.46154,0.52174,0.4898,4.5
0.34615,0.29032,0.31579,4.5
0.23077,0.31579,0.26667,4.0
0.46154,0.5,0.48,3.5
0.34615,0.5625,0.42857,3.0
0.30769,0.53333,0.39024,4.0
0.42308,0.32353,0.36667,4.5
0.46154,0.5,0.48,5.0
0.34615,0.45,0.3913,4.0
0.38462,0.41667,0.4,5.0
0.5,0.28261,0.36111,5.0
0.26923,0.25926,0.26415,4.0
0.26923,0.26923,0.26923,4.5
0.42308,0.57895,0.48889,5.0
0.34615,0.375,0.36,4.0
0.34615,0.23684,0.28125,5.0
0.34615,0.23684,0.28125,4.5
0.30769,0.57143,0.4,5.0
0.5,0.44828,0.47273,5.0
0.26923,0.28,0.27451,4.5
0.19231,0.27778,0.22728,4.5
0.46154,0.30769,0.36923,5.0
0.26923,0.4375,0.33333,5.0
0.38462,0.33333,0.35714,5.0
0.42308,0.55,0.47826,3.5
0.30769,0.34783,0.32653,4.5
0.34615,0.52941,0.4186,5.0
0.34615,0.40909,0.375,5.0
0.38462,0.45455,0.41667,4.5
0.30769,0.20513,0.24615,5.0
0.15385,0.23529,0.18605,4.5
0.23077,0.24,0.23529,5.0
0.26923,0.4375,0.33333,4.5
0.23077,0.3,0.26087,5.0
0.23077,0.21429,0.22222,4.5
0.23077,0.26087,0.2449,5.0
0.23077,0.22222,0.22641,4.5
0.30769,0.36364,0.33333,4.5
0.42308,0.45833,0.44,5.0
0.34615,0.40909,0.375,3.5
0.38462,0.25641,0.30769,4.5
0.30769,0.36364,0.33333,5.0
0.26923,0.23333,0.25,5.0
0.41667,0.17857,0.25,3.5
0.5,0.24,0.32432,4.5
0.66667,0.25,0.36364,3.0
0.58333,0.2,0.29787,4.0
0.08333,0.2,0.11764,2.0
0.58333,0.28,0.37838,5.0
0.08333,0.5,0.14285,3.5
0.16667,0.25,0.2,4.0
0.66667,0.14545,0.2388,5.0
0.25,0.1875,0.21429,3.0
0.33333,0.44444,0.38095,4.0
0.08333,0.5,0.14285,3.5
0.25,0.42857,0.31579,4.5
0.41667,0.35714,0.38462,4.0
0.5,0.13953,0.21818,5.0
0.16667,0.13333,0.14815,2.5
0.16667,0.18182,0.17392,3.0
0.33333,0.36364,0.34783,4.5
0.08333,0.08333,0.08333,3.0
0.08333,0.5,0.14285,3.5
0.41667,0.18519,0.25642,5.0
0.58333,0.25926,0.35897,5.0
0.5,0.23077,0.31579,3.5
0.25,0.25,0.25,4.5
0.16667,0.14286,0.15385,5.0
0.33333,0.1,0.15385,2.5
0.25,0.07895,0.12,4.0
0.16667,0.06667,0.09524,2.5
0.30769,0.16,0.21053,5.0
0.69231,0.375,0.48649,5.0
0.30769,0.33333,0.32,5.0
0.30769,0.21053,0.25,2.0
0.38462,0.5,0.43479,5.0
0.53846,0.53846,0.53846,5.0
0.0,0.0,0.0,2.5
0.15385,0.22222,0.18182,5.0
0.46154,0.6,0.52174,4.5
0.07692,0.14286,0.1,4.0
0.38462,0.5,0.43479,5.0
0.15385,0.4,0.22223,5.0
0.0,0.0,0.0,2.0
0.0,0.0,0.0,2.0
0.30769,0.5,0.38095,5.0
0.07692,0.14286,0.1,3.5
0.15385,0.33333,0.21053,5.0
0.15385,0.25,0.19048,5.0
0.53846,0.30435,0.38889,4.5
0.23077,0.10714,0.14634,2.0
0.23077,0.33333,0.27273,5.0
0.07692,0.2,0.11111,5.0
0.23077,0.75,0.35294,5.0
0.15385,0.4,0.22223,5.0
0.46154,0.25,0.32432,4.5
0.53846,0.38889,0.45161,2.5
0.53846,0.7,0.60869,4.5
0.0,0.0,0.0,2.0
0.81818,0.5,0.62069,5.0
0.54545,0.46154,0.5,5.0
0.63636,0.58333,0.60869,5.0
0.63636,0.53846,0.58333,5.0
0.54545,0.33333,0.41379,4.5
0.18182,0.33333,0.23529,4.5
0.27273,0.15789,0.2,4.5
0.72727,0.88889,0.8,5.0
0.54545,0.22222,0.31579,5.0
0.54545,0.31579,0.4,5.0
0.45455,0.3125,0.37037,4.5
0.27273,0.3,0.28572,5.0
0.36364,0.33333,0.34783,4.5
0.81818,0.52941,0.64286,5.0
0.54545,0.17647,0.26667,3.5
0.45455,0.55556,0.5,5.0
0.72727,0.53333,0.61538,5.0
0.27273,0.42857,0.33333,5.0
0.36364,0.28571,0.32,4.0
0.81818,1.0,0.9,5.0
0.72727,0.28571,0.41025,5.0
0.72727,0.61538,0.66666,5.0
0.90909,0.66667,0.76923,5.0
0.45455,0.55556,0.5,4.5
0.54545,0.35294,0.42857,4.5
0.63636,0.13462,0.22223,4.5
1.0,0.66667,0.8,5.0
1.0,0.6,0.75,5.0
0.83333,0.83333,0.83333,5.0
1.0,0.6,0.75,5.0
1.0,0.85714,0.92308,5.0
0.5,0.375,0.42857,4.0
0.5,0.1875,0.27273,4.5
0.5,0.375,0.42857,5.0
0.33333,0.07407,0.12121,3.0
1.0,0.85714,0.92308,5.0
0.66667,0.57143,0.61539,5.0
0.66667,0.44444,0.53333,4.5
1.0,0.6,0.75,5.0
0.66667,0.36364,0.47059,5.0
0.83333,0.45455,0.58824,4.5
0.5,0.6,0.54545,4.5
0.16667,0.2,0.18182,4.5
1.0,0.85714,0.92308,5.0
0.83333,1.0,0.90909,5.0
0.5,0.375,0.42857,4.5
0.83333,0.16667,0.27778,4.5
1.0,0.46154,0.63158,5.0
0.5,0.33333,0.4,4.0
1.0,1.0,1.0,5.0
0.5,0.27273,0.35294,4.5
0.0,0.0,0.0,3.5
0.38095,0.66667,0.48485,5.0
0.47619,0.66667,0.55556,5.0
0.38095,0.88889,0.53333,5.0
0.80952,0.73913,0.77273,5.0
0.42857,0.69231,0.52941,5.0
0.38095,0.61538,0.47059,4.0
0.09524,0.5,0.16,4.0
0.47619,0.5,0.4878,5.0
0.2381,0.71429,0.35715,4.5
0.42857,0.9,0.58064,5.0
0.33333,0.63636,0.4375,4.0
0.33333,0.46667,0.38889,4.5
0.28571,0.6,0.38709,4.0
0.38095,0.61538,0.47059,3.5
0.42857,0.9,0.58064,4.5
0.28571,0.66667,0.4,4.0
0.28571,0.66667,0.4,4.0
0.38095,0.88889,0.53333,5.0
0.38095,1.0,0.55172,5.0
0.38095,0.88889,0.53333,5.0
0.28571,0.33333,0.30769,4.5
0.38095,0.53333,0.44444,4.0
0.04762,0.2,0.07692,2.0
0.38095,0.72727,0.5,5.0
0.2381,0.5,0.32259,3.5
0.09524,0.2,0.12903,2.0
0.44,0.52381,0.47826,3.0
0.64,0.41026,0.5,4.5
0.08,0.22222,0.11765,4.0
0.44,0.55,0.48889,3.0
0.08,0.16667,0.10811,4.0
0.4,0.47619,0.43478,5.0
0.04,0.33333,0.07143,4.0
0.4,0.27027,0.32258,3.5
0.2,0.21739,0.20833,4.5
0.08,1.0,0.14815,4.0
0.0,0.0,0.0,2.5
0.48,0.52174,0.5,5.0
0.72,0.6,0.65455,3.5
0.04,0.0625,0.04878,4.0
0.32,0.61538,0.42105,2.0
0.28,0.38889,0.32558,4.0
0.2,0.83333,0.32258,4.0
0.12,0.23077,0.15789,4.5
0.12,0.33333,0.17647,4.0
0.36,0.47368,0.40909,3.0
0.4,0.25641,0.3125,5.0
0.08,0.18182,0.11111,3.5
0.04,0.25,0.06897,4.0
0.0,0.0,0.0,4.0
0.04,0.5,0.07407,4.0
0.04,0.33333,0.07143,1.0
0.42857,0.3,0.35294,4.5
0.57143,0.44444,0.5,4.0
0.71429,0.83333,0.76923,5.0
0.71429,0.55556,0.625,4.5
0.71429,0.41667,0.52632,4.5
0.57143,0.44444,0.5,4.0
0.57143,0.44444,0.5,4.5
0.85714,0.66667,0.75,5.0
0.28571,0.15385,0.2,3.5
0.85714,0.66667,0.75,5.0
0.57143,0.57143,0.57143,2.5
0.42857,0.6,0.5,3.0
0.71429,0.5,0.58824,4.5
0.71429,0.41667,0.52632,5.0
0.85714,0.375,0.52174,5.0
0.57143,0.36364,0.44445,4.5
0.42857,0.5,0.46154,3.0
0.71429,0.41667,0.52632,4.0
0.85714,1.0,0.92308,5.0
0.71429,0.55556,0.625,4.5
0.71429,0.33333,0.45454,4.0
0.71429,0.83333,0.76923,5.0
0.42857,0.375,0.4,4.5
0.57143,0.57143,0.57143,4.5
0.71429,0.45455,0.55556,4.5
0.85714,0.28571,0.42857,4.0
0.0,0.0,0.0,2.5
0.83333,1.0,0.90909,5.0
0.83333,1.0,0.90909,5.0
0.91667,0.81481,0.86274,5.0
0.0,0.0,0.0,2.5
0.20833,0.35714,0.26315,2.5
0.0,0.0,0.0,2.5
0.83333,1.0,0.90909,5.0
0.0,0.0,0.0,2.0
0.83333,0.95238,0.88889,5.0
0.04167,0.08333,0.05556,2.5
0.04167,0.09091,0.05715,2.5
0.04167,0.11111,0.06061,5.0
0.54167,0.76471,0.63415,5.0
0.66667,0.66667,0.66667,5.0
0.04167,0.0625,0.05,2.5
0.0,0.0,0.0,2.0
0.79167,0.43182,0.55883,5.0
0.83333,1.0,0.90909,5.0
0.58333,0.82353,0.68292,5.0
0.125,0.15789,0.13953,2.5
0.75,0.5,0.6,5.0
0.58333,0.82353,0.68292,5.0
0.04167,0.06667,0.05129,2.5
0.125,0.13636,0.13043,4.0
0.20833,0.16129,0.18182,2.5
0.58333,0.23333,0.33333,5.0
0.58333,0.46667,0.51852,5.0
0.33333,0.26667,0.2963,5.0
0.75,0.28125,0.40909,5.0
0.58333,0.77778,0.66667,5.0
0.08333,0.06667,0.07407,3.5
0.08333,0.2,0.11764,3.5
0.41667,0.25,0.3125,5.0
0.33333,0.26667,0.2963,5.0
0.41667,0.41667,0.41667,5.0
0.33333,0.44444,0.38095,5.0
0.16667,0.10526,0.12903,5.0
0.41667,0.2,0.27027,5.0
0.33333,0.13793,0.19512,5.0
0.16667,0.28571,0.21053,5.0
0.58333,0.875,0.7,5.0
0.08333,0.05263,0.06451,4.0
0.33333,0.57143,0.42105,5.0
0.33333,0.4,0.36363,5.0
0.41667,0.5,0.45455,4.5
0.5,0.18182,0.26667,5.0
0.25,0.21429,0.23077,5.0
0.5,0.54545,0.52174,5.0
0.58333,0.77778,0.66667,5.0
0.33333,0.33333,0.33333,5.0
0.25,0.07895,0.12,4.0
0.33333,0.11111,0.16667,4.5
0.11111,0.04762,0.06667,4.5
0.22222,0.08696,0.125,4.5
0.44444,0.19048,0.26667,4.5
0.33333,0.13043,0.18749,4.5
0.22222,0.10526,0.14285,4.5
0.22222,0.15385,0.18182,4.5
0.33333,0.11111,0.16667,4.5
0.44444,0.09756,0.16,4.5
0.22222,0.07407,0.11111,4.5
0.33333,0.15789,0.21428,3.5
0.22222,0.04348,0.07273,5.0
0.22222,0.1,0.13793,4.5
0.44444,0.13793,0.21052,4.5
0.33333,0.1875,0.24,4.5
0.11111,0.05556,0.07408,4.5
0.22222,0.0625,0.09756,4.5
0.11111,0.07692,0.09091,2.5
0.33333,0.16667,0.22222,4.5
0.33333,0.08108,0.13043,4.5
0.22222,0.05882,0.09302,4.0
0.44444,0.17391,0.25,4.5
0.22222,0.22222,0.22222,4.0
0.22222,0.15385,0.18182,4.5
0.22222,0.11765,0.15385,4.5
0.44444,0.08889,0.14815,4.5
0.5,0.16667,0.25,5.0
0.375,0.1875,0.25,5.0
0.125,0.11111,0.11765,5.0
0.375,0.1875,0.25,4.5
0.625,0.25,0.35714,5.0
0.625,0.05747,0.10526,4.0
0.25,0.13333,0.17391,5.0
0.25,0.16667,0.2,5.0
0.5,0.19048,0.27587,5.0
0.5,0.2,0.28571,5.0
0.25,0.09524,0.13793,3.0
0.25,0.25,0.25,3.5
0.625,0.22727,0.33333,5.0
0.75,0.24,0.36364,5.0
0.125,0.05882,0.08,5.0
0.125,0.1,0.11111,5.0
0.5,0.10811,0.17778,5.0
0.375,0.1875,0.25,5.0
0.375,0.27273,0.31579,4.5
0.375,0.14286,0.2069,5.0
0.25,0.125,0.16667,5.0
0.0,0.0,0.0,5.0
0.375,0.2,0.26087,5.0
0.25,0.16667,0.2,5.0
0.375,0.16667,0.23077,5.0
0.25,0.10526,0.14815,5.0
0.44444,0.34783,0.39024,5.0
0.44444,0.2963,0.35556,4.5
0.38889,0.35,0.36842,5.0
0.33333,0.19355,0.2449,5.0
0.55556,0.22727,0.32258,5.0
0.61111,0.37931,0.46808,5.0
0.16667,0.27273,0.2069,2.0
0.16667,0.33333,0.22222,3.5
0.44444,0.32,0.37209,2.5
0.33333,0.46154,0.3871,4.5
0.27778,0.17241,0.21276,3.0
0.0,0.0,0.0,4.0
0.11111,0.28571,0.16,2.0
0.5,0.17308,0.25715,5.0
0.38889,0.19444,0.25926,4.5
0.16667,0.33333,0.22222,5.0
0.11111,0.18182,0.13793,3.5
0.61111,0.45833,0.52381,5.0
0.22222,0.36364,0.27586,4.5
0.44444,0.2963,0.35556,5.0
0.16667,0.27273,0.2069,3.5
0.11111,0.18182,0.13793,3.5
0.33333,0.3,0.31579,3.0
0.38889,0.29167,0.33334,5.0
0.5,0.34615,0.40909,5.0
0.66667,0.1519,0.24742,5.0
1.0,0.14286,0.25,4.5
1.0,0.10526,0.19047,5.0
0.5,0.03571,0.06666,5.0
0.5,0.25,0.33333,2.5
1.0,0.66667,0.8,5.0
0.0,0.0,0.0,2.5
0.0,0.0,0.0,4.0
0.0,0.0,0.0,4.5
0.0,0.0,0.0,4.0
0.5,0.08333,0.14285,5.0
0.0,0.0,0.0,0.0
0.0,0.0,0.0,2.5
0.0,0.0,0.0,3.5
0.5,0.05882,0.10526,4.0
0.0,0.0,0.0,3.0
0.0,0.0,0.0,4.0
0.5,0.03571,0.06666,5.0
0.5,0.08333,0.14285,5.0
0.0,0.0,0.0,4.0
1.0,0.2,0.33333,5.0
0.5,0.09091,0.15385,5.0
0.5,0.5,0.5,5.0
0.5,0.06667,0.11765,4.0
0.5,0.14286,0.22223,3.0
0.0,0.0,0.0,3.5
0.0,0.0,0.0,1.5
0.2,0.21429,0.2069,0.5
0.6,0.375,0.46154,5.0
0.66667,0.25641,0.37037,4.5
0.66667,0.76923,0.71429,5.0
0.86667,0.39394,0.54167,5.0
0.8,0.54545,0.64865,5.0
0.6,0.9,0.72,5.0
0.66667,0.55556,0.60606,5.0
0.6,0.31034,0.40909,2.5
0.86667,0.76471,0.8125,5.0
0.66667,0.52632,0.58824,5.0
0.73333,0.78571,0.75862,5.0
0.73333,0.52381,0.61111,5.0
0.53333,0.32,0.4,5.0
0.93333,0.4375,0.59574,5.0
0.73333,0.55,0.62857,5.0
0.66667,0.22222,0.33333,5.0
0.33333,0.55556,0.41667,3.5
1.0,1.0,1.0,5.0
0.86667,0.48148,0.61905,5.0
0.4,0.28571,0.33333,3.0
0.73333,0.91667,0.81481,5.0
0.86667,0.59091,0.7027,5.0
0.73333,0.36667,0.48889,5.0
0.6,0.6,0.6,5.0
0.8,0.14458,0.2449,3.5
0.06667,0.33333,0.11112,3.5
0.23333,0.4375,0.30434,4.5
0.16667,0.26316,0.20408,4.5
0.16667,0.2,0.18182,3.5
0.23333,0.28,0.25454,3.5
0.13333,0.30769,0.18604,3.5
0.13333,0.57143,0.21621,3.5
0.13333,0.44444,0.20512,3.5
0.2,0.18182,0.19048,3.5
0.06667,0.25,0.10527,3.5
0.06667,0.28571,0.10811,3.5
0.23333,0.31818,0.26923,4.0
0.06667,0.22222,0.10257,3.5
0.1,0.13043,0.11321,3.5
0.06667,0.33333,0.11112,3.0
0.16667,0.33333,0.22222,3.5
0.13333,0.17391,0.15094,4.5
0.03333,0.1,0.05,3.5
0.1,0.13043,0.11321,4.0
0.16667,0.22727,0.19231,3.5
0.13333,0.21053,0.16326,4.0
0.23333,0.53846,0.32558,4.0
0.13333,0.44444,0.20512,3.5
0.13333,0.18182,0.15384,4.0
0.2,0.54545,0.29268,5.0
0.33333,0.28571,0.30769,2.0
0.0,0.0,0.0,5.0
0.375,0.08333,0.13636,3.5
0.375,0.10345,0.16216,4.0
0.0,0.0,0.0,3.0
0.375,0.42857,0.4,5.0
0.0,0.0,0.0,5.0
0.25,0.09091,0.13333,3.0
0.375,0.15789,0.22222,5.0
0.25,0.13333,0.17391,5.0
0.125,0.14286,0.13333,3.0
0.375,0.14286,0.2069,5.0
0.0,0.0,0.0,5.0
0.5,0.19048,0.27587,5.0
0.25,0.11111,0.15385,3.0
0.25,0.18182,0.21053,3.0
0.125,0.05,0.07143,3.0
0.25,0.14286,0.18182,2.0
0.375,0.17647,0.24,5.0
0.125,0.05263,0.07407,5.0
0.125,0.04762,0.06897,3.5
0.25,0.13333,0.17391,5.0
0.5,0.16667,0.25,5.0
0.125,0.14286,0.13333,5.0
0.375,0.10345,0.16216,5.0
0.25,0.16667,0.2,5.0
0.0,0.0,0.0,0.0
0.53571,0.625,0.57692,5.0
0.46429,0.43333,0.44828,5.0
0.14286,0.44444,0.21622,2.0
0.39286,0.34375,0.36667,5.0
0.35714,0.71429,0.47619,4.5
0.46429,0.39394,0.42623,5.0
0.17857,0.625,0.27778,5.0
0.32143,0.28125,0.3,5.0
0.5,0.5,0.5,5.0
0.17857,0.33333,0.23256,2.5
0.32143,0.52941,0.4,5.0
0.32143,0.81818,0.46154,5.0
0.25,0.58333,0.35,5.0
0.32143,0.64286,0.42857,5.0
0.5,0.31818,0.38889,5.0
0.28571,0.44444,0.34782,5.0
0.46429,0.37143,0.4127,5.0
0.42857,0.42857,0.42857,5.0
0.21429,0.42857,0.28572,2.5
0.32143,0.6,0.41861,5.0
0.46429,0.43333,0.44828,5.0
0.14286,0.44444,0.21622,2.0
0.32143,0.52941,0.4,5.0
0.35714,0.52632,0.42553,4.5
0.10714,0.33333,0.16216,2.0
0.17857,0.33333,0.23256,5.0
0.32143,0.28125,0.3,5.0
1.0,0.27273,0.42857,5.0
1.0,0.13636,0.23999,5.0
1.0,1.0,1.0,5.0
1.0,0.6,0.75,5.0
1.0,1.0,1.0,5.0
0.66667,0.25,0.36364,5.0
0.33333,0.125,0.18182,5.0
1.0,0.6,0.75,5.0
1.0,1.0,1.0,5.0
1.0,1.0,1.0,5.0
1.0,1.0,1.0,5.0
0.66667,0.25,0.36364,5.0
1.0,1.0,1.0,5.0
1.0,1.0,1.0,5.0
0.66667,0.11111,0.19047,5.0
1.0,1.0,1.0,5.0
1.0,0.17647,0.3,5.0
1.0,0.27273,0.42857,5.0
1.0,1.0,1.0,5.0
1.0,0.17647,0.3,5.0
1.0,0.25,0.4,5.0
1.0,1.0,1.0,5.0
0.33333,0.125,0.18182,5.0
1.0,1.0,1.0,5.0
1.0,1.0,1.0,5.0
0.33333,0.05882,0.09999,5.0
1.0,0.10345,0.1875,5.0
0.56667,0.30357,0.39535,5.0
0.43333,0.28261,0.34211,5.0
0.06667,0.13333,0.08889,3.0
0.33333,0.4,0.36363,5.0
0.23333,0.41176,0.29787,4.5
0.4,0.3871,0.39344,4.5
0.16667,0.29412,0.21277,2.5
0.33333,0.33333,0.33333,5.0
0.36667,0.33333,0.34921,4.5
0.2,0.28571,0.23529,4.0
0.26667,0.33333,0.2963,4.5
0.26667,0.66667,0.38096,4.0
0.23333,0.4375,0.30434,4.5
0.13333,0.22222,0.16666,2.0
0.3,0.23684,0.2647,3.5
0.3,0.225,0.25714,4.5
0.46667,0.45161,0.45902,4.0
0.33333,0.32258,0.32787,4.5
0.13333,0.23529,0.17021,4.0
0.2,0.35294,0.25532,4.0
0.56667,0.39535,0.46576,4.5
0.13333,0.30769,0.18604,4.0
0.23333,0.41176,0.29787,3.0
0.36667,0.44,0.4,4.0
0.26667,0.36364,0.3077,4.0
0.3,0.27273,0.28572,4.0
0.56667,0.25758,0.35417,3.0
0.3871,0.5,0.43637,3.0
0.54839,0.3617,0.4359,5.0
0.64516,0.15385,0.24845,4.0
0.3871,0.54545,0.45283,4.0
0.51613,0.47059,0.49231,4.5
0.54839,0.425,0.47887,4.5
0.09677,0.17647,0.125,2.5
0.51613,0.69565,0.59259,5.0
0.41935,0.61905,0.5,4.0
0.19355,0.27273,0.22642,3.5
0.29032,0.52941,0.375,3.5
0.35484,0.64706,0.45833,4.5
0.22581,0.53846,0.31819,4.5
0.16129,0.38462,0.22727,1.5
0.29032,0.47368,0.36,4.5
0.6129,0.48718,0.54286,4.5
0.54839,0.41463,0.47222,3.5
0.51613,0.42105,0.46377,2.5
0.29032,0.45,0.35294,4.5
0.25806,0.5,0.34042,4.0
0.35484,0.31429,0.33334,4.5
0.0,0.0,0.0,1.5
0.09677,0.5,0.16216,3.0
0.35484,0.44,0.39286,2.5
0.32258,0.4,0.35714,2.5
0.45161,0.51852,0.48276,5.0
0.25806,0.17021,0.20512,2.0
0.33333,0.08333,0.13333,5.0
0.33333,0.13043,0.18749,5.0
0.22222,0.04762,0.07843,5.0
0.44444,0.25,0.32,2.5
0.33333,0.21429,0.26087,5.0
0.33333,0.12,0.17647,5.0
0.22222,0.2,0.21053,5.0
0.44444,0.22222,0.29629,5.0
0.11111,0.07143,0.08696,3.0
0.11111,0.06667,0.08334,3.0
0.22222,0.25,0.23529,5.0
0.22222,0.18182,0.2,3.0
0.22222,0.11765,0.15385,5.0
0.33333,0.2,0.25,3.0
0.33333,0.17647,0.23077,5.0
0.22222,0.16667,0.19048,5.0
0.22222,0.15385,0.18182,5.0
0.44444,0.2,0.27586,5.0
0.33333,0.125,0.18182,2.5
0.33333,0.13043,0.18749,5.0
0.11111,0.04545,0.06451,5.0
0.22222,0.09091,0.12903,3.5
0.22222,0.07407,0.11111,5.0
0.22222,0.13333,0.16666,5.0
0.22222,0.07692,0.11428,4.0
0.33333,0.125,0.18182,5.0
0.33333,0.17647,0.23077,1.0
0.46667,0.41176,0.4375,5.0
0.46667,0.7,0.56,5.0
0.33333,0.29412,0.3125,5.0
0.2,0.33333,0.25,2.5
0.06667,0.33333,0.11112,4.0
0.2,0.2,0.2,5.0
0.26667,0.8,0.4,5.0
0.26667,0.4,0.32,5.0
0.66667,0.58824,0.625,5.0
0.2,0.25,0.22222,5.0
0.06667,0.33333,0.11112,4.0
0.2,0.2,0.2,3.0
0.33333,0.2,0.25,4.5
0.13333,0.2,0.16,1.5
0.26667,0.03774,0.06612,2.5
0.33333,0.625,0.43478,5.0
0.33333,0.38462,0.35714,5.0
0.46667,0.5,0.48276,5.0
0.6,0.34615,0.43902,5.0
0.33333,0.45455,0.38461,1.5
0.33333,0.55556,0.41667,5.0
0.4,0.54545,0.46154,5.0
0.2,0.07692,0.11111,4.0
0.53333,0.32,0.4,5.0
0.26667,0.28571,0.27586,5.0
0.33333,0.41667,0.37037,5.0
0.73333,0.07006,0.1279,5.0
0.4,0.26316,0.31746,3.0
0.4,0.3125,0.35088,3.0
0.36,0.34615,0.35294,3.0
0.68,0.23944,0.35417,5.0
0.44,0.21154,0.28572,5.0
0.48,0.19672,0.27907,4.5
0.36,0.36,0.36,3.5
0.64,0.32653,0.43243,5.0
0.28,0.7,0.4,3.5
0.2,0.45455,0.27778,1.5
0.12,1.0,0.21429,3.0
0.64,0.8,0.71111,5.0
0.72,0.58065,0.64286,5.0
0.16,0.2,0.17778,3.0
0.84,0.23077,0.36207,5.0
0.24,0.375,0.29268,3.5
0.16,0.4,0.22857,2.0
0.32,0.57143,0.41026,3.5
0.12,0.33333,0.17647,3.0
0.16,0.30769,0.21053,3.5
0.48,0.66667,0.55814,4.0
0.04,0.5,0.07407,2.5
0.24,0.85714,0.375,4.5
0.28,0.35,0.31111,4.5
0.4,0.35714,0.37736,4.5
0.12,0.12,0.12,1.5
0.0,0.0,0.0,3.0
0.32143,0.45,0.375,5.0
0.21429,0.2069,0.21053,4.0
0.32143,0.3913,0.35294,5.0
0.46429,0.38235,0.41935,5.0
0.25,0.24138,0.24561,5.0
0.39286,0.39286,0.39286,5.0
0.35714,0.625,0.45454,5.0
0.25,0.46667,0.32558,5.0
0.39286,0.35484,0.37288,5.0
0.42857,0.23529,0.30379,5.0
0.17857,0.55556,0.27027,4.5
0.10714,0.42857,0.17142,5.0
0.25,0.7,0.36842,5.0
0.25,0.25926,0.25455,5.0
0.39286,0.73333,0.51163,5.0
0.25,0.46667,0.32558,5.0
0.42857,0.52174,0.47059,5.0
0.5,0.35897,0.41791,5.0
0.25,0.46667,0.32558,5.0
0.32143,0.6,0.41861,5.0
0.46429,0.61905,0.53062,5.0
0.17857,0.45455,0.25641,3.5
0.39286,0.64706,0.48889,5.0
0.25,0.46667,0.32558,5.0
0.25,0.46667,0.32558,5.0
0.21429,0.35294,0.26667,5.0
0.25,0.14,0.17949,5.0
1.0,0.2,0.33333,5.0
1.0,0.13043,0.23076,5.0
1.0,0.10714,0.19354,5.0
1.0,0.375,0.54545,5.0
1.0,1.0,1.0,5.0
1.0,1.0,1.0,5.0
0.33333,0.16667,0.22222,5.0
0.0,0.0,0.0,5.0
1.0,0.27273,0.42857,5.0
1.0,1.0,1.0,5.0
1.0,1.0,1.0,5.0
1.0,1.0,1.0,5.0
1.0,1.0,1.0,5.0
1.0,1.0,1.0,5.0
0.0,0.0,0.0,5.0
1.0,1.0,1.0,5.0
1.0,1.0,1.0,5.0
1.0,0.42857,0.6,5.0
0.66667,1.0,0.8,5.0
0.33333,0.05882,0.09999,5.0
1.0,0.27273,0.42857,5.0
1.0,1.0,1.0,5.0
1.0,1.0,1.0,5.0
1.0,1.0,1.0,5.0
1.0,1.0,1.0,5.0
0.0,0.0,0.0,5.0
0.33333,0.33333,0.33333,2.5
0.6,0.3913,0.47368,4.5
0.23333,0.33333,0.27451,3.0
0.43333,0.54167,0.48148,3.0
0.16667,0.22727,0.19231,2.5
0.43333,0.61905,0.5098,4.0
0.36667,0.18644,0.24719,4.5
0.43333,0.30952,0.36111,4.0
0.2,0.28571,0.23529,4.0
0.33333,0.28571,0.30769,4.5
0.16667,0.38462,0.23256,2.5
0.4,0.32432,0.35821,4.0
0.46667,0.48276,0.47458,3.5
0.16667,0.25,0.2,3.0
0.3,0.34615,0.32143,3.5
0.4,0.375,0.3871,4.0
0.33333,0.5,0.4,4.0
0.23333,0.19444,0.21212,3.5
0.4,0.27273,0.32433,3.0
0.3,0.52941,0.38298,4.0
0.3,0.42857,0.35294,5.0
0.63333,0.44186,0.52055,5.0
0.33333,0.38462,0.35714,2.0
0.06667,0.2,0.1,3.0
0.36667,0.275,0.31429,5.0
0.13333,0.36364,0.19512,1.5
0.46667,0.4375,0.45161,5.0
0.06667,0.25,0.10527,5.0
0.18868,0.38462,0.25317,5.0
0.41509,0.15385,0.22449,2.0
0.45283,0.4,0.42478,5.0
0.07547,0.36364,0.125,1.5
0.22642,0.41379,0.29269,3.5
0.28302,0.88235,0.42857,5.0
0.26415,0.58333,0.36363,5.0
0.32075,0.32075,0.32075,4.5
0.16981,0.40909,0.24,4.5
0.11321,0.54545,0.1875,2.5
0.22642,0.54545,0.32,4.5
0.33962,0.78261,0.47368,4.5
0.13208,0.53846,0.21213,4.5
0.15094,0.27586,0.19512,3.0
0.39623,0.31343,0.35,4.5
0.20755,0.42308,0.27848,4.5
0.22642,0.36364,0.27907,4.0
0.22642,0.28571,0.25263,3.0
0.15094,0.5,0.23188,3.5
0.13208,0.36842,0.19445,4.5
0.28302,0.44118,0.34483,5.0
0.18868,0.45455,0.26667,4.0
0.15094,0.5,0.23188,3.5
0.24528,0.61905,0.35135,5.0
0.11321,0.31579,0.16667,4.0
0.28302,0.48387,0.35714,4.5
0.03774,0.13333,0.05883,3.5
0.33333,0.125,0.18182,4.5
0.33333,0.16667,0.22222,5.0
0.55556,0.5,0.52632,5.0
0.11111,0.04,0.05882,3.5
0.11111,0.07143,0.08696,3.5
0.33333,0.16667,0.22222,5.0
0.33333,0.1,0.15385,5.0
0.33333,0.10714,0.16216,5.0
0.44444,0.26667,0.33333,5.0
0.22222,0.10526,0.14285,1.5
0.22222,0.28571,0.25,5.0
0.22222,0.04,0.0678,4.5
0.22222,0.06897,0.10527,5.0
0.11111,0.09091,0.1,4.0
0.22222,0.1,0.13793,5.0
0.33333,0.375,0.35294,5.0
0.33333,0.3,0.31579,5.0
0.22222,0.08,0.11765,5.0
0.22222,0.2,0.21053,5.0
0.22222,0.18182,0.2,5.0
0.55556,0.38462,0.45455,5.0
0.33333,0.10714,0.16216,4.0
0.22222,0.11765,0.15385,4.0
0.22222,0.28571,0.25,5.0
0.33333,0.13636,0.19354,5.0
0.11111,0.125,0.11765,5.0
0.33333,0.125,0.18182,5.0
1.0,1.0,1.0,5.0
1.0,0.1,0.18182,5.0
1.0,0.08333,0.15384,5.0
1.0,0.03448,0.06666,5.0
0.0,0.0,0.0,2.5
1.0,0.33333,0.5,4.5
1.0,1.0,1.0,5.0
1.0,0.05,0.09524,5.0
1.0,0.06667,0.12501,5.0
1.0,0.5,0.66667,5.0
1.0,1.0,1.0,5.0
1.0,1.0,1.0,5.0
1.0,1.0,1.0,5.0
1.0,1.0,1.0,5.0
1.0,0.05882,0.1111,5.0
1.0,1.0,1.0,5.0
1.0,1.0,1.0,5.0
1.0,0.14286,0.25,5.0
1.0,1.0,1.0,5.0
0.0,0.0,0.0,4.5
1.0,0.06667,0.12501,5.0
0.0,0.0,0.0,1.5
1.0,1.0,1.0,5.0
1.0,1.0,1.0,5.0
1.0,1.0,1.0,5.0
1.0,1.0,1.0,5.0
1.0,1.0,1.0,5.0
0.0,0.0,0.0,1.5
1.0,0.11111,0.2,5.0
1.0,0.05882,0.1111,5.0
1.0,0.11111,0.2,5.0
1.0,0.33333,0.5,5.0
1.0,0.08333,0.15384,5.0
1.0,0.07143,0.13334,5.0
1.0,1.0,1.0,5.0
1.0,0.03704,0.07143,5.0
1.0,0.5,0.66667,5.0
1.0,1.0,1.0,5.0
1.0,0.5,0.66667,5.0
1.0,0.07692,0.14285,5.0
1.0,1.0,1.0,5.0
1.0,0.025,0.04878,5.0
1.0,1.0,1.0,5.0
1.0,0.5,0.66667,5.0
1.0,0.03846,0.07407,5.0
1.0,0.07143,0.13334,5.0
1.0,0.08333,0.15384,5.0
1.0,0.05556,0.10527,5.0
1.0,1.0,1.0,5.0
1.0,0.5,0.66667,5.0
1.0,1.0,1.0,5.0
1.0,0.03571,0.06896,5.0
1.0,0.0625,0.11765,5.0
1.0,1.0,1.0,5.0
0.43333,0.5,0.46428,4.0
0.83333,0.69444,0.75757,5.0
0.5,0.68182,0.57692,4.5
0.03333,0.16667,0.05555,4.5
0.53333,0.31373,0.39506,5.0
0.3,0.6,0.4,3.0
0.26667,0.47059,0.34043,3.5
0.36667,0.6875,0.47826,4.0
0.5,0.68182,0.57692,3.5
0.33333,0.52632,0.40816,5.0
0.23333,0.41176,0.29787,3.5
0.1,0.3,0.15,3.0
0.36667,0.2973,0.32836,3.0
0.5,0.32609,0.39474,4.5
0.4,0.41379,0.40678,5.0
0.76667,0.51111,0.61333,5.0
0.23333,0.5,0.31818,4.0
0.16667,0.22727,0.19231,2.5
0.53333,0.43243,0.47761,4.5
0.4,0.32432,0.35821,4.5
0.03333,0.16667,0.05555,2.0
0.56667,0.58621,0.57627,4.0
0.46667,0.5,0.48276,5.0
0.23333,0.36842,0.28571,4.0
0.28571,0.22222,0.25,4.0
0.5,0.18919,0.27451,4.5
0.78571,0.55,0.64706,5.0
0.78571,0.64706,0.70968,5.0
0.64286,0.36,0.46154,5.0
0.64286,0.6,0.62069,5.0
0.42857,0.54545,0.48,4.5
0.57143,0.4,0.47059,5.0
0.28571,0.57143,0.38095,4.5
0.42857,0.75,0.54545,3.5
0.5,0.77778,0.6087,5.0
0.21429,0.33333,0.26087,4.5
0.35714,0.11111,0.16949,3.0
0.21429,0.10714,0.14286,3.5
0.71429,0.71429,0.71429,5.0
0.71429,0.5,0.58824,5.0
0.42857,0.375,0.4,4.5
0.21429,0.33333,0.26087,4.5
0.35714,0.26316,0.30303,4.5
0.21429,0.375,0.27273,4.5
0.71429,0.71429,0.71429,5.0
0.21429,0.42857,0.28572,4.0
0.21429,0.21429,0.21429,4.5
0.28571,0.16667,0.21053,1.5
1.0,0.35294,0.52174,5.0
0.66667,0.5,0.57143,5.0
0.66667,0.8,0.72727,5.0
0.66667,0.66667,0.66667,5.0
0.66667,0.28571,0.4,5.0
0.66667,0.8,0.72727,5.0
0.33333,0.25,0.28571,3.0
0.5,0.25,0.33333,2.0
0.16667,0.2,0.18182,4.0
0.16667,0.2,0.18182,4.0
0.66667,0.5,0.57143,5.0
0.16667,0.16667,0.16667,4.5
0.5,0.25,0.33333,5.0
0.66667,0.8,0.72727,5.0
0.66667,0.8,0.72727,5.0
0.66667,0.5,0.57143,5.0
0.33333,0.125,0.18182,4.0
0.5,0.1875,0.27273,4.5
0.66667,0.5,0.57143,5.0
0.83333,0.55556,0.66667,5.0
0.66667,0.8,0.72727,5.0
1.0,0.6,0.75,5.0
0.66667,0.5,0.57143,5.0
0.33333,0.09091,0.14286,5.0
0.61538,0.24242,0.34782,4.5
0.61538,0.17778,0.27586,5.0
0.53846,0.175,0.26415,5.0
0.53846,0.175,0.26415,5.0
0.46154,0.5,0.48,5.0
0.30769,0.4,0.34782,5.0
0.30769,0.25,0.27586,5.0
0.69231,0.3913,0.5,5.0
0.53846,0.41176,0.46666,5.0
0.15385,0.22222,0.18182,4.5
0.53846,0.33333,0.41176,4.5
0.30769,0.36364,0.33333,5.0
0.38462,0.2381,0.29412,2.0
0.30769,0.36364,0.33333,5.0
0.38462,0.14706,0.21277,5.0
0.61538,0.18182,0.2807,5.0
0.53846,0.63636,0.58333,5.0
0.23077,0.27273,0.25,5.0
0.46154,0.54545,0.5,5.0
0.30769,0.44444,0.36363,4.5
0.38462,0.45455,0.41667,5.0
0.38462,0.27778,0.32258,4.5
0.53846,0.36842,0.4375,5.0
0.46154,0.3,0.36364,4.5
0.5,0.37838,0.43077,5.0
0.5,0.36842,0.42424,5.0
0.5,0.38889,0.4375,5.0
0.5,0.35897,0.41791,5.0
0.46429,0.23636,0.31325,5.0
0.5,0.4375,0.46667,4.5
0.57143,0.47059,0.51613,4.0
0.17857,0.22727,0.2,3.5
0.53571,0.28302,0.37037,5.0
0.17857,0.45455,0.25641,2.5
0.67857,0.31148,0.42697,4.5
0.32143,0.64286,0.42857,4.0
0.32143,0.375,0.34615,3.5
0.57143,0.53333,0.55172,5.0
0.46429,0.40625,0.43334,5.0
0.35714,0.33333,0.34482,2.5
0.53571,0.2381,0.32967,5.0
0.5,0.29787,0.37333,4.5
0.42857,0.35294,0.3871,5.0
0.5,0.5,0.5,5.0
0.46429,0.44828,0.45614,5.0
0.42857,0.52174,0.47059,2.5
0.57143,0.42105,0.48485,5.0
0.10714,0.13636,0.12,2.5
0.63636,0.21212,0.31818,5.0
0.27273,0.14286,0.1875,2.5
0.27273,0.15789,0.2,3.0
0.0,0.0,0.0,3.5
0.27273,0.33333,0.3,5.0
0.63636,0.20588,0.31111,5.0
0.36364,0.4,0.38095,5.0
0.63636,0.17073,0.26923,4.5
0.81818,0.81818,0.81818,5.0
0.0,0.0,0.0,1.5
0.54545,0.42857,0.48,1.5
0.18182,0.28571,0.22222,5.0
0.09091,0.1,0.09524,2.0
0.54545,0.28571,0.375,4.0
0.18182,0.4,0.25,3.5
0.18182,0.1,0.12903,5.0
0.90909,0.5,0.64516,5.0
0.72727,0.47059,0.57143,5.0
0.54545,0.12,0.19672,5.0
0.18182,0.66667,0.28572,5.0
0.81818,0.45,0.58064,5.0
0.72727,0.13559,0.22857,5.0
0.63636,0.29167,0.4,4.0
0.45455,0.13889,0.21277,2.0
0.6,0.45,0.51429,5.0
0.33333,0.27778,0.30303,5.0
0.13333,0.16667,0.14815,2.0
0.33333,0.5,0.4,5.0
0.06667,0.5,0.11765,5.0
0.06667,0.33333,0.11112,5.0
0.26667,0.33333,0.2963,3.5
0.2,0.5,0.28571,5.0
0.0,0.0,0.0,2.5
0.06667,0.5,0.11765,5.0
0.0,0.0,0.0,2.5
0.0,0.0,0.0,2.0
0.0,0.0,0.0,5.0
0.4,0.31579,0.35294,4.5
0.0,0.0,0.0,3.0
0.2,0.2,0.2,1.5
0.26667,0.44444,0.33333,5.0
0.4,0.26087,0.31579,5.0
0.46667,0.25926,0.33333,5.0
0.06667,0.33333,0.11112,5.0
0.06667,0.33333,0.11112,5.0
0.33333,0.45455,0.38461,1.5
0.33333,0.41667,0.37037,5.0
0.0,0.0,0.0,1.0
0.2,0.04167,0.06897,3.0
0.4,0.28571,0.33333,3.0
0.8,0.14286,0.24243,5.0
0.8,0.22222,0.34782,4.0
1.0,1.0,1.0,5.0
0.4,0.15385,0.22223,4.0
0.8,0.57143,0.66667,5.0
0.2,0.2,0.2,2.5
0.0,0.0,0.0,4.5
0.8,0.28571,0.42105,5.0
0.6,0.15789,0.24999,4.0
0.4,0.4,0.4,4.0
0.4,0.16667,0.2353,4.0
0.2,0.14286,0.16667,1.5
0.4,0.10526,0.16666,4.0
0.2,0.05556,0.08696,3.0
0.8,0.66667,0.72727,5.0
0.4,0.25,0.30769,4.0
0.8,1.0,0.88889,5.0
0.8,0.8,0.8,5.0
1.0,1.0,1.0,5.0
0.4,0.5,0.44444,3.5
0.4,0.25,0.30769,4.5
0.4,0.06667,0.11429,3.0
0.2,0.07143,0.10526,3.0
0.4,0.22222,0.28571,4.0
0.8,0.66667,0.72727,5.0
0.2,0.08333,0.11764,3.0
0.2,0.2,0.2,4.5
0.0,0.0,0.0,2.5
1.0,0.75,0.85714,5.0
0.66667,0.66667,0.66667,5.0
1.0,0.42857,0.6,5.0
0.0,0.0,0.0,5.0
0.66667,0.66667,0.66667,5.0
0.33333,0.04545,0.07999,5.0
1.0,1.0,1.0,5.0
1.0,0.75,0.85714,5.0
0.0,0.0,0.0,5.0
0.66667,0.66667,0.66667,5.0
1.0,0.1875,0.31579,5.0
1.0,1.0,1.0,5.0
0.0,0.0,0.0,0.5
0.66667,0.4,0.5,5.0
1.0,0.25,0.4,4.5
0.0,0.0,0.0,2.5
0.66667,1.0,0.8,5.0
1.0,0.75,0.85714,5.0
0.66667,1.0,0.8,5.0
0.66667,0.08333,0.14814,5.0
0.66667,0.66667,0.66667,5.0
1.0,1.0,1.0,5.0
0.66667,0.66667,0.66667,5.0
1.0,0.10714,0.19354,5.0
0.0,0.0,0.0,0.5
0.66667,0.66667,0.66667,5.0
1.0,1.0,1.0,5.0
1.0,1.0,1.0,5.0
0.33333,0.04348,0.07693,5.0
0.66667,0.66667,0.66667,5.0
0.0,0.0,0.0,1.5
0.33333,0.03125,0.05714,3.5
0.0,0.0,0.0,0.0
0.33333,0.0625,0.10526,2.5
0.33333,0.07143,0.11765,2.5
0.0,0.0,0.0,1.5
0.33333,0.03226,0.05883,5.0
0.0,0.0,0.0,3.0
0.66667,0.25,0.36364,3.5
0.66667,0.18182,0.28572,5.0
0.0,0.0,0.0,2.5
0.0,0.0,0.0,2.5
0.0,0.0,0.0,1.0
0.33333,0.05263,0.09091,5.0
0.0,0.0,0.0,2.5
0.66667,0.03636,0.06896,5.0
0.33333,0.03704,0.06667,3.5
0.33333,0.16667,0.22222,5.0
0.0,0.0,0.0,2.5
0.66667,0.09524,0.16667,4.5
0.33333,0.125,0.18182,2.5
0.0,0.0,0.0,1.0
0.0,0.0,0.0,2.0
0.0,0.0,0.0,1.0
0.66667,1.0,0.8,5.0
0.33333,0.2,0.25,1.5
0.66667,0.07407,0.13333,5.0
0.33333,0.07692,0.125,2.5
0.0,0.0,0.0,1.0
0.33333,0.04762,0.08333,2.5
0.53846,0.4375,0.48276,5.0
0.46154,0.21429,0.29269,4.0
0.69231,0.45,0.54546,5.0
0.15385,0.25,0.19048,3.0
0.76923,0.52632,0.625,5.0
0.30769,0.8,0.44444,2.5
0.46154,0.75,0.57143,5.0
0.23077,0.42857,0.3,5.0
0.53846,0.53846,0.53846,5.0
0.46154,0.75,0.57143,5.0
0.53846,0.5,0.51852,4.0
0.30769,0.28571,0.29629,5.0
0.38462,0.45455,0.41667,2.0
0.30769,0.28571,0.29629,3.5
0.38462,0.41667,0.4,5.0
0.84615,0.39286,0.53659,5.0
0.46154,0.6,0.52174,5.0
0.61538,0.4,0.48485,4.5
0.61538,0.61538,0.61538,5.0
0.46154,0.28571,0.35294,5.0
0.53846,0.5,0.51852,5.0
0.61538,0.57143,0.59259,4.0
0.53846,0.58333,0.56,5.0
0.53846,0.25,0.34146,5.0
0.30769,0.5,0.38095,5.0
0.23077,0.75,0.35294,5.0
0.69231,0.81818,0.75,5.0
0.84615,0.52381,0.64706,5.0
0.76923,0.52632,0.625,5.0
0.23077,0.17647,0.2,2.0
0.8,0.09524,0.17022,5.0
1.0,0.33333,0.5,5.0
0.0,0.0,0.0,0.0
0.8,0.28571,0.42105,4.0
1.0,0.29412,0.45455,5.0
1.0,0.45455,0.625,5.0
1.0,0.17857,0.30303,5.0
1.0,0.45455,0.625,5.0
1.0,0.38462,0.55556,5.0
1.0,0.5,0.66667,5.0
1.0,0.19231,0.32258,5.0
1.0,0.45455,0.625,5.0
1.0,0.25,0.4,5.0
1.0,0.15625,0.27027,5.0
0.8,0.17391,0.28571,5.0
1.0,0.07576,0.14085,4.5
1.0,0.3125,0.47619,4.0
1.0,0.45455,0.625,5.0
0.8,0.17391,0.28571,5.0
1.0,0.33333,0.5,5.0
1.0,0.29412,0.45455,5.0
1.0,0.16129,0.27778,5.0
1.0,0.55556,0.71429,5.0
0.8,0.09302,0.16666,5.0
0.2,0.08333,0.11764,4.5
0.8,0.15385,0.25807,5.0
1.0,0.21739,0.35714,5.0
1.0,0.25,0.4,5.0
1.0,0.26316,0.41667,5.0
0.6,0.27273,0.375,5.0
0.5,0.125,0.2,5.0
0.0,0.0,0.0,4.0
0.5,0.0625,0.11111,5.0
0.5,0.1,0.16667,5.0
0.5,0.08333,0.14285,5.0
0.5,1.0,0.66667,5.0
0.5,0.03333,0.06249,5.0
0.5,0.14286,0.22223,5.0
0.5,1.0,0.66667,5.0
0.5,0.33333,0.4,5.0
0.5,0.0625,0.11111,5.0
0.5,0.05263,0.09524,5.0
0.5,1.0,0.66667,5.0
0.5,0.1,0.16667,5.0
0.0,0.0,0.0,4.0
0.5,0.04545,0.08333,5.0
0.5,1.0,0.66667,5.0
0.5,0.25,0.33333,5.0
0.5,1.0,0.66667,5.0
0.5,0.11111,0.18182,5.0
0.5,0.2,0.28571,5.0
0.5,0.1,0.16667,5.0
0.5,0.06667,0.11765,5.0
0.5,0.03125,0.05882,5.0
0.5,0.5,0.5,5.0
0.0,0.0,0.0,5.0
0.5,0.25,0.33333,5.0
0.5,0.5,0.5,5.0
0.5,1.0,0.66667,5.0
0.0,0.0,0.0,3.0
0.66667,0.22857,0.34042,5.0
0.33333,0.16667,0.22222,3.0
0.66667,0.4,0.5,5.0
0.08333,0.1,0.09091,2.5
0.33333,0.30769,0.32,2.5
0.58333,0.26923,0.36842,4.5
0.5,0.18182,0.26667,4.0
0.16667,0.15385,0.16,3.0
0.16667,0.14286,0.15385,2.5
0.5,0.22222,0.30769,4.5
0.25,0.17647,0.2069,2.5
0.33333,0.28571,0.30769,3.0
0.16667,0.18182,0.17392,2.5
0.5,0.2,0.28571,3.0
0.16667,0.125,0.14286,4.0
0.33333,0.09302,0.14545,5.0
0.5,0.2,0.28571,3.0
0.5,0.27273,0.35294,5.0
0.5,0.27273,0.35294,4.5
0.41667,0.17241,0.2439,4.5
0.58333,0.23333,0.33333,2.5
0.41667,0.19231,0.26316,2.5
0.25,0.33333,0.28571,2.5
0.66667,0.21622,0.32654,4.0
0.33333,0.14815,0.20513,4.5
0.25,0.42857,0.31579,2.0
0.41667,0.2381,0.30304,2.5
0.41667,0.20833,0.27778,3.5
0.5,0.13636,0.21428,4.5
0.08333,0.08333,0.08333,3.0
0.46667,0.58333,0.51852,5.0
0.33333,0.08929,0.14085,2.0
0.6,0.23684,0.33962,5.0
0.33333,0.3125,0.32258,5.0
0.33333,0.33333,0.33333,2.0
0.33333,0.13158,0.18868,2.0
0.73333,0.28947,0.41509,4.0
0.46667,0.63636,0.53846,5.0
0.46667,0.25,0.32558,3.0
0.33333,0.27778,0.30303,3.5
0.53333,0.24242,0.33333,2.0
0.4,0.27273,0.32433,2.0
0.2,0.2,0.2,2.0
0.4,0.42857,0.41379,5.0
0.4,0.375,0.3871,5.0
0.6,0.6,0.6,4.0
0.46667,0.4375,0.45161,4.0
0.2,0.16667,0.18182,3.5
0.6,0.69231,0.64286,5.0
0.46667,0.21875,0.29787,5.0
0.46667,0.17949,0.25926,2.0
0.4,0.15789,0.22641,2.0
0.2,0.1,0.13333,2.0
0.2,0.08824,0.12245,3.0
0.46667,0.21875,0.29787,2.0
0.4,0.24,0.3,5.0
0.73333,0.36667,0.48889,5.0
0.66667,0.58824,0.625,5.0
0.53333,0.38095,0.44444,5.0
0.26667,0.30769,0.28572,1.5
0.28571,0.2,0.23529,4.0
0.57143,0.46154,0.51064,5.0
0.38095,0.44444,0.41025,4.5
0.14286,0.25,0.18182,4.0
0.33333,0.21212,0.25926,4.5
0.33333,0.23333,0.27451,3.5
0.33333,0.46667,0.38889,4.5
0.2381,0.27778,0.25641,4.5
0.42857,0.5625,0.48649,4.5
0.09524,0.13333,0.11111,4.5
0.33333,0.22581,0.26923,4.0
0.47619,0.37037,0.41667,4.5
0.57143,0.36364,0.44445,5.0
0.42857,0.5625,0.48649,4.5
0.47619,0.32258,0.38461,5.0
0.42857,0.34615,0.38298,4.5
0.28571,0.28571,0.28571,4.5
0.33333,0.46667,0.38889,4.5
0.38095,0.4,0.39024,4.5
0.33333,0.20588,0.25454,5.0
0.2381,0.20833,0.22222,4.5
0.42857,0.34615,0.38298,4.5
0.47619,0.45455,0.46512,4.5
0.47619,0.47619,0.47619,5.0
0.42857,0.16981,0.24324,5.0
0.19048,0.26667,0.22223,3.0
0.14286,0.17647,0.1579,3.0
0.2381,0.11905,0.15873,3.0
0.61905,0.38235,0.47273,5.0
0.19048,0.26667,0.22223,3.5
1.0,0.41176,0.58333,5.0
0.71429,0.35714,0.47619,5.0
0.57143,0.33333,0.42105,5.0
0.71429,0.33333,0.45454,5.0
0.57143,0.18182,0.27586,5.0
0.71429,0.38462,0.5,5.0
0.71429,0.3125,0.43478,5.0
0.57143,0.21053,0.3077,5.0
0.57143,0.21053,0.3077,5.0
0.42857,0.3,0.35294,5.0
0.85714,0.31579,0.46154,5.0
0.42857,0.33333,0.375,5.0
0.42857,0.3,0.35294,4.0
0.42857,0.12,0.1875,5.0
0.42857,0.27273,0.33333,3.5
0.85714,0.35294,0.5,5.0
0.42857,0.42857,0.42857,5.0
0.71429,0.5,0.58824,5.0
0.42857,0.3,0.35294,5.0
0.42857,0.17647,0.25,5.0
0.85714,0.6,0.70588,5.0
0.71429,0.16667,0.27027,5.0
0.57143,0.33333,0.42105,5.0
0.57143,0.33333,0.42105,5.0
0.57143,0.23529,0.33333,5.0
0.42857,0.25,0.31579,5.0
0.71429,0.45455,0.55556,5.0
0.57143,0.26667,0.36364,3.0
0.55556,0.15625,0.2439,4.5
0.0,0.0,0.0,0.0
0.11111,0.03448,0.05263,2.5
0.22222,0.13333,0.16666,4.5
0.77778,0.31818,0.45161,5.0
0.44444,0.36364,0.4,4.5
0.44444,0.08163,0.13793,4.5
0.0,0.0,0.0,0.0
0.55556,0.2381,0.33334,3.0
0.77778,0.33333,0.46666,5.0
0.22222,0.1,0.13793,3.5
0.0,0.0,0.0,2.5
0.66667,0.4,0.5,5.0
0.66667,0.10345,0.17911,4.0
0.55556,0.20833,0.30303,4.5
0.22222,0.16667,0.19048,3.0
0.0,0.0,0.0,2.5
0.55556,0.13158,0.21277,3.5
0.0,0.0,0.0,2.5
0.44444,0.36364,0.4,5.0
0.22222,0.22222,0.22222,4.0
0.66667,0.19355,0.3,3.5
0.55556,0.16129,0.25,4.0
0.66667,0.28571,0.4,5.0
0.22222,0.15385,0.18182,2.5
0.55556,0.3125,0.4,5.0
0.66667,0.33333,0.44444,5.0
0.55556,0.38462,0.45455,4.5
1.0,1.0,1.0,5.0
1.0,1.0,1.0,4.0
0.81818,0.9,0.85714,5.0
1.0,1.0,1.0,5.0
1.0,1.0,1.0,5.0
1.0,1.0,1.0,4.125
0.45455,0.625,0.52632,2.0
1.0,1.0,1.0,3.75
1.0,0.64706,0.78572,5.0
1.0,1.0,1.0,5.0
1.0,1.0,1.0,1.75
0.90909,0.90909,0.90909,2.25
1.0,0.73333,0.84615,5.0
0.54545,0.54545,0.54545,5.0
0.63636,0.77778,0.7,4.0
1.0,0.73333,0.84615,3.625
0.63636,0.77778,0.7,5.0
1.0,1.0,1.0,5.0
1.0,1.0,1.0,2.0
0.0,0.0,0.0,1.5
0.54545,0.42857,0.48,4.0
1.0,0.78571,0.88,3.0
0.63636,0.77778,0.7,3.25
0.81818,0.52941,0.64286,5.0
1.0,1.0,1.0,4.125
1.0,1.0,1.0,2.25
1.0,0.78571,0.88,5.0
0.81818,0.9,0.85714,4.75
0.42857,0.35714,0.38961,5.0
0.54286,0.48718,0.51352,5.0
0.08571,0.1875,0.11764,4.0
0.25714,0.21951,0.23684,2.0
0.31429,0.24444,0.275,5.0
0.25714,0.5,0.33962,5.0
0.45714,0.41026,0.43243,5.0
0.22857,0.23529,0.23188,5.0
0.22857,0.42105,0.29629,2.0
0.11429,0.10811,0.11111,2.5
0.31429,0.32353,0.31884,2.0
0.2,0.41176,0.26923,4.5
0.25714,0.36,0.3,4.5
0.28571,0.29412,0.28985,5.0
0.22857,0.42105,0.29629,4.5
0.14286,0.2,0.16667,3.0
0.22857,0.42105,0.29629,4.5
0.42857,0.22727,0.29703,2.5
0.37143,0.29545,0.32911,4.5
0.31429,0.23404,0.26829,2.5
0.25714,0.375,0.30508,4.5
0.57143,0.43478,0.49383,5.0
0.14286,0.35714,0.20408,3.0
0.37143,0.46429,0.4127,4.5
0.31429,0.40741,0.35484,4.5
0.4,0.29787,0.34146,3.0
0.37143,0.33333,0.35135,4.0
0.17143,0.3,0.21818,4.0
0.25,0.25,0.25,5.0
0.25,0.26667,0.25807,5.0
0.1875,0.42857,0.26087,5.0
0.3125,0.41667,0.35714,5.0
0.4375,0.18421,0.25926,5.0
0.375,0.24,0.29268,5.0
0.25,0.12903,0.17021,5.0
0.25,0.22222,0.23529,5.0
0.375,0.375,0.375,5.0
0.375,0.25,0.3,5.0
0.0,0.0,0.0,5.0
0.3125,0.13889,0.19231,4.5
0.25,0.66667,0.36364,5.0
0.5625,0.1125,0.1875,5.0
0.25,0.33333,0.28571,5.0
0.125,0.11765,0.12121,5.0
0.0625,0.125,0.08333,5.0
0.1875,0.08108,0.11321,5.0
0.125,0.15385,0.13793,5.0
0.25,0.30769,0.27586,5.0
0.1875,0.25,0.21429,5.0
0.3125,0.11628,0.16949,5.0
0.3125,0.33333,0.32258,5.0
0.0625,0.33333,0.10526,5.0
0.25,0.30769,0.27586,5.0
0.3125,0.26316,0.28572,5.0
0.25,0.26667,0.25807,5.0
0.25,0.4,0.30769,5.0
0.52174,0.54545,0.53333,5.0
0.47826,0.47826,0.47826,5.0
0.17391,1.0,0.29629,4.5
0.52174,0.3,0.38095,5.0
0.47826,0.47826,0.47826,5.0
0.34783,0.47059,0.4,5.0
0.52174,0.33333,0.40678,5.0
0.3913,0.26471,0.31579,5.0
0.43478,0.45455,0.44445,3.5
0.56522,0.41935,0.48148,4.0
0.17391,0.36364,0.23529,2.5
0.34783,0.57143,0.43244,5.0
0.47826,0.6875,0.5641,5.0
0.52174,0.36364,0.42857,5.0
0.30435,0.28,0.29167,5.0
0.52174,0.22642,0.31579,5.0
0.30435,0.33333,0.31818,5.0
0.47826,0.32353,0.38597,5.0
0.43478,0.30303,0.35714,5.0
0.34783,0.38095,0.36364,5.0
0.3913,0.23077,0.29032,5.0
0.73913,0.37778,0.5,5.0
0.43478,0.43478,0.43478,5.0
0.34783,0.42105,0.38095,5.0
0.26087,0.24,0.25,5.0
0.47826,0.28947,0.36065,5.0
0.43478,0.47619,0.45454,5.0
0.17391,0.44444,0.25,1.5
1.0,1.0,1.0,5.0
0.66667,0.08,0.14286,5.0
1.0,1.0,1.0,5.0
1.0,0.42857,0.6,5.0
1.0,1.0,1.0,5.0
0.33333,0.07692,0.125,5.0
1.0,1.0,1.0,5.0
1.0,1.0,1.0,5.0
1.0,1.0,1.0,5.0
1.0,0.15789,0.27272,5.0
1.0,1.0,1.0,5.0
0.66667,0.5,0.57143,4.5
1.0,1.0,1.0,5.0
0.66667,0.1,0.17391,5.0
0.66667,1.0,0.8,5.0
1.0,0.42857,0.6,5.0
1.0,1.0,1.0,5.0
1.0,0.14286,0.25,5.0
1.0,0.10714,0.19354,5.0
1.0,1.0,1.0,5.0
0.33333,0.04348,0.07693,5.0
1.0,0.10714,0.19354,5.0
0.66667,0.5,0.57143,5.0
0.66667,0.18182,0.28572,5.0
0.66667,1.0,0.8,5.0
1.0,1.0,1.0,5.0
0.33333,0.05882,0.09999,5.0
1.0,1.0,1.0,5.0
0.29167,0.26923,0.28,4.0
0.5,0.46154,0.48,5.0
0.08333,0.18182,0.11428,3.0
0.16667,0.13793,0.15094,2.0
0.41667,0.625,0.5,4.5
0.16667,0.33333,0.22222,1.5
0.41667,0.43478,0.42553,4.0
0.29167,0.14894,0.19719,4.0
0.29167,0.36842,0.32558,3.0
0.20833,0.38462,0.27027,4.0
0.04167,0.33333,0.07408,2.0
0.20833,0.29412,0.2439,3.0
0.16667,0.30769,0.21622,3.5
0.54167,0.14444,0.22806,4.5
0.08333,0.2,0.11764,3.0
0.5,0.3,0.375,3.5
0.33333,0.36364,0.34783,4.5
0.375,0.19565,0.25714,3.5
0.375,0.36,0.36735,4.0
0.70833,0.44737,0.54839,5.0
0.25,0.21429,0.23077,4.0
0.5,0.32432,0.39344,4.5
0.0,0.0,0.0,0.0
0.33333,0.2963,0.31373,5.0
0.375,0.42857,0.4,5.0
0.75,0.6,0.66667,5.0
0.08333,0.33333,0.13333,1.5
0.16667,0.33333,0.22222,3.5
0.5,0.21569,0.30137,4.5
0.45455,0.25,0.32258,3.5
0.31818,0.35,0.33333,3.5
0.22727,0.2381,0.23256,3.5
0.27273,0.18182,0.21818,2.0
0.59091,0.56522,0.57778,5.0
0.5,0.21569,0.30137,4.0
0.13636,0.15789,0.14634,4.5
0.40909,0.23077,0.29508,2.0
0.31818,0.36842,0.34146,4.5
0.04545,0.5,0.08333,1.5
0.59091,0.15476,0.24528,5.0
0.68182,0.20833,0.31915,5.0
0.5,0.15278,0.23405,4.0
0.45455,0.27027,0.33898,3.5
0.45455,0.2,0.27778,5.0
0.27273,0.19355,0.22642,2.0
0.63636,0.4,0.49123,4.5
0.27273,0.25,0.26087,1.5
0.40909,0.25,0.31034,3.0
0.54545,0.21053,0.3038,5.0
0.68182,0.16667,0.26786,4.5
0.0,0.0,0.0,0.0
0.09091,0.11765,0.10257,1.5
0.5,0.18644,0.2716,4.0
0.36364,0.14035,0.20253,4.0
0.40909,0.18,0.25,4.0
0.36364,0.27586,0.31373,3.0
